1
1
1
2
1.5
1.494
3
1.83333
1.8374
4
2.08333
2.0967
5
2.28333
2.2786
6
2.45
2.4505
7
2.59286
2.5892
8
2.71786
2.7202
9
2.82897
2.8221
10
2.92897
2.9303
11
3.01988
3.0075
12
3.10321
3.1045
13
3.18013
3.1717
14
3.25156
3.2445
15
3.31823
3.3112
16
3.38073
3.3809
17
3.43955
3.4428
18
3.49511
3.5099
19
3.54774
3.5612
20
3.59774
3.5781
21
3.64536
3.6435
22
3.69081
3.7081
23
3.73429
3.7262
24
3.77596
3.7564
25
3.81596
3.8046
26
3.85442
3.88
27
3.89146
3.886
28
3.92717
3.9049
29
3.96165
3.9687
30
3.99499
4.0113
31
4.02725
4.0248
32
4.0585
4.0575
33
4.0888
4.0981
34
4.11821
4.09
35
4.14678
4.163
36
4.17456
4.1856
37
4.20159
4.2102
38
4.2279
4.2546
39
4.25354
4.2832
40
4.27854
4.2737
41
4.30293
4.2882
42
4.32674
4.3201
43
4.35
4.3585
44
4.37273
4.3585
45
4.39495
4.3898
46
4.41669
4.42
47
4.43796
4.4487
48
4.4588
4.4494
49
4.47921
4.5165
50
4.49921
4.5399
51
4.51881
4.4887
52
4.53804
4.5729
53
4.55691
4.5499
54
4.57543
4.589
55
4.59361
4.6118
56
4.61147
4.5882
57
4.62901
4.6529
58
4.64625
4.6538
59
4.6632
4.6924
60
4.67987
4.6541
61
4.69626
4.6878
62
4.71239
4.7049
63
4.72827
4.75
64
4.74389
4.7531
65
4.75928
4.7694
66
4.77443
4.7741
67
4.78935
4.8002
68
4.80406
4.7752
69
4.81855
4.8515
70
4.83284
4.8365
71
4.84692
4.8582
72
4.86081
4.8815
73
4.87451
4.8709
74
4.88802
4.9173
75
4.90136
4.9032
76
4.91451
4.9219
77
4.9275
4.9208
78
4.94032
4.902
79
4.95298
4.9475
80
4.96548
4.978
81
4.97782
4.9996
82
4.99002
5.0079
83
5.00207
4.9979
84
5.01397
5.0219
85
5.02574
5.0405
86
5.03737
5.06
87
5.04886
5.0409
88
5.06022
5.0234
89
5.07146
5.1069
90
5.08257
5.0728
91
5.09356
5.0866
92
5.10443
5.0641
93
5.11518
5.1492
94
5.12582
5.1256
95
5.13635
5.1182
96
5.14676
5.1342
97
5.15707
5.1492
98
5.16728
5.1894
99
5.17738
5.1856
100
5.18738
5.2093