1
1
1
2
1.5
1.48
3
1.83333
1.86
4
2.08333
2.17
5
2.28333
2.33
6
2.45
2.47
7
2.59286
2.61
8
2.71786
2.7
9
2.82897
3.08
10
2.92897
2.73
11
3.01988
2.94
12
3.10321
3.1
13
3.18013
3.22
14
3.25156
3.34
15
3.31823
3.41
16
3.38073
3.61
17
3.43955
3.69
18
3.49511
3.7
19
3.54774
3.46
20
3.59774
3.58
21
3.64536
3.86
22
3.69081
3.67
23
3.73429
3.87
24
3.77596
3.57
25
3.81596
3.79
26
3.85442
3.97
27
3.89146
3.94
28
3.92717
4.17
29
3.96165
3.89
30
3.99499
4.16
31
4.02725
4.03
32
4.0585
3.83
33
4.0888
4.02
34
4.11821
3.85
35
4.14678
4.27
36
4.17456
4.48
37
4.20159
4.32
38
4.2279
4.37
39
4.25354
4.28
40
4.27854
4.36
41
4.30293
4.18
42
4.32674
4.23
43
4.35
4.41
44
4.37273
4.04
45
4.39495
4.53
46
4.41669
4.3
47
4.43796
4.38
48
4.4588
4.29
49
4.47921
4.27
50
4.49921
4.44
51
4.51881
4.68
52
4.53804
4.37
53
4.55691
4.68
54
4.57543
4.62
55
4.59361
4.33
56
4.61147
4.47
57
4.62901
4.64
58
4.64625
4.69
59
4.6632
4.44
60
4.67987
5.1
61
4.69626
4.72
62
4.71239
4.58
63
4.72827
4.89
64
4.74389
4.57
65
4.75928
4.86
66
4.77443
4.89
67
4.78935
4.83
68
4.80406
5.2
69
4.81855
5.16
70
4.83284
5.05
71
4.84692
4.76
72
4.86081
5
73
4.87451
4.73
74
4.88802
4.99
75
4.90136
4.69
76
4.91451
5.04
77
4.9275
4.68
78
4.94032
4.85
79
4.95298
4.84
80
4.96548
5.24
81
4.97782
4.59
82
4.99002
4.93
83
5.00207
4.95
84
5.01397
4.87
85
5.02574
5.06
86
5.03737
5.14
87
5.04886
5.1
88
5.06022
4.67
89
5.07146
4.61
90
5.08257
5.17
91
5.09356
4.93
92
5.10443
4.91
93
5.11518
4.84
94
5.12582
5.47
95
5.13635
5.19
96
5.14676
5
97
5.15707
5.72
98
5.16728
5.28
99
5.17738
5.24
100
5.18738
5.5