1
1
1
2
1.5
1.5011
3
1.83333
1.8263
4
2.08333
2.0872
5
2.28333
2.2899
6
2.45
2.4615
7
2.59286
2.5746
8
2.71786
2.7162
9
2.82897
2.8194
10
2.92897
2.919
11
3.01988
3.0281
12
3.10321
3.0957
13
3.18013
3.173
14
3.25156
3.2642
15
3.31823
3.3118
16
3.38073
3.3793
17
3.43955
3.4646
18
3.49511
3.5128
19
3.54774
3.5487
20
3.59774
3.5855
21
3.64536
3.6399
22
3.69081
3.6977
23
3.73429
3.7258
24
3.77596
3.7786
25
3.81596
3.8336
26
3.85442
3.8618
27
3.89146
3.8846
28
3.92717
3.908
29
3.96165
3.9546
30
3.99499
3.9886
31
4.02725
4.0447
32
4.0585
4.0536
33
4.0888
4.0801
34
4.11821
4.1052
35
4.14678
4.1195
36
4.17456
4.1494
37
4.20159
4.1936
38
4.2279
4.224
39
4.25354
4.234
40
4.27854
4.2784
41
4.30293
4.3162
42
4.32674
4.3175
43
4.35
4.3657
44
4.37273
4.3726
45
4.39495
4.3811
46
4.41669
4.4001
47
4.43796
4.4547
48
4.4588
4.4264
49
4.47921
4.5092
50
4.49921
4.5055
51
4.51881
4.4928
52
4.53804
4.5514
53
4.55691
4.5696
54
4.57543
4.5938
55
4.59361
4.5988
56
4.61147
4.6163
57
4.62901
4.6198
58
4.64625
4.6578
59
4.6632
4.6815
60
4.67987
4.6909
61
4.69626
4.7022
62
4.71239
4.7081
63
4.72827
4.7429
64
4.74389
4.734
65
4.75928
4.7229
66
4.77443
4.7656
67
4.78935
4.817
68
4.80406
4.7919
69
4.81855
4.8044
70
4.83284
4.8379
71
4.84692
4.8613
72
4.86081
4.8644
73
4.87451
4.8804
74
4.88802
4.8897
75
4.90136
4.8909
76
4.91451
4.9219
77
4.9275
4.9089
78
4.94032
4.929
79
4.95298
4.9583
80
4.96548
4.9828
81
4.97782
4.9701
82
4.99002
4.9958
83
5.00207
5.0155
84
5.01397
5.0296
85
5.02574
5.0252
86
5.03737
5.0588
87
5.04886
5.0394
88
5.06022
5.0638
89
5.07146
5.0738
90
5.08257
5.0997
91
5.09356
5.1102
92
5.10443
5.0807
93
5.11518
5.1276
94
5.12582
5.1197
95
5.13635
5.1578
96
5.14676
5.1527
97
5.15707
5.1261
98
5.16728
5.1803
99
5.17738
5.1784
100
5.18738
5.1933