1
1
1
2
1.5
1.49967
3
1.83333
1.83814
4
2.08333
2.08373
5
2.28333
2.28273
6
2.45
2.44364
7
2.59286
2.58588
8
2.71786
2.70924
9
2.82897
2.82761
10
2.92897
2.93691
11
3.01988
3.01893
12
3.10321
3.10081
13
3.18013
3.17476
14
3.25156
3.25011
15
3.31823
3.31958
16
3.38073
3.37657
17
3.43955
3.43413
18
3.49511
3.49562
19
3.54774
3.54477
20
3.59774
3.60179
21
3.64536
3.64287
22
3.69081
3.68662
23
3.73429
3.73447
24
3.77596
3.7681
25
3.81596
3.81323
26
3.85442
3.84876
27
3.89146
3.88005
28
3.92717
3.92404
29
3.96165
3.96085
30
3.99499
3.99107
31
4.02725
4.02326
32
4.0585
4.05848
33
4.0888
4.09314
34
4.11821
4.12019
35
4.14678
4.15102
36
4.17456
4.17701
37
4.20159
4.20403
38
4.2279
4.23225
39
4.25354
4.25666
40
4.27854
4.28479
41
4.30293
4.29565
42
4.32674
4.33075
43
4.35
4.34237
44
4.37273
4.37105
45
4.39495
4.39654
46
4.41669
4.42231
47
4.43796
4.43178
48
4.4588
4.46219
49
4.47921
4.4784
50
4.49921
4.49756
51
4.51881
4.51848
52
4.53804
4.53553
53
4.55691
4.56802
54
4.57543
4.575
55
4.59361
4.59872
56
4.61147
4.61448
57
4.62901
4.62406
58
4.64625
4.64568
59
4.6632
4.66275
60
4.67987
4.68669
61
4.69626
4.69409
62
4.71239
4.71245
63
4.72827
4.73138
64
4.74389
4.7353
65
4.75928
4.76128
66
4.77443
4.77669
67
4.78935
4.79335
68
4.80406
4.8011
69
4.81855
4.81702
70
4.83284
4.83674
71
4.84692
4.85558
72
4.86081
4.86772
73
4.87451
4.87465
74
4.88802
4.89223
75
4.90136
4.90445
76
4.91451
4.9247
77
4.9275
4.92621
78
4.94032
4.94052
79
4.95298
4.94861
80
4.96548
4.96389
81
4.97782
4.96905
82
4.99002
4.98673
83
5.00207
5.00758
84
5.01397
5.02007
85
5.02574
5.02558
86
5.03737
5.03445
87
5.04886
5.05133
88
5.06022
5.05589
89
5.07146
5.08314
90
5.08257
5.08031
91
5.09356
5.0864
92
5.10443
5.10307
93
5.11518
5.10812
94
5.12582
5.1304
95
5.13635
5.14525
96
5.14676
5.14426
97
5.15707
5.16799
98
5.16728
5.15853
99
5.17738
5.17787
100
5.18738
5.18078