1
1
1
2
1.5
1.5
3
1.83333
1.9
4
2.08333
1.9
5
2.28333
1.9
6
2.45
2
7
2.59286
2.3
8
2.71786
2.8
9
2.82897
2.9
10
2.92897
3.2
11
3.01988
3.4
12
3.10321
2.9
13
3.18013
3.1
14
3.25156
3.6
15
3.31823
2.5
16
3.38073
4
17
3.43955
3
18
3.49511
3.4
19
3.54774
3.2
20
3.59774
3.6
21
3.64536
3.9
22
3.69081
3.6
23
3.73429
3.5
24
3.77596
3
25
3.81596
3.5
26
3.85442
4.1
27
3.89146
3.2
28
3.92717
4.7
29
3.96165
4.4
30
3.99499
2.8
31
4.02725
4.5
32
4.0585
4.2
33
4.0888
4.3
34
4.11821
3.5
35
4.14678
4.5
36
4.17456
4.5
37
4.20159
4.3
38
4.2279
4.6
39
4.25354
3.9
40
4.27854
4.9
41
4.30293
4
42
4.32674
3.9
43
4.35
3.7
44
4.37273
4.8
45
4.39495
4.3
46
4.41669
4.5
47
4.43796
4.2
48
4.4588
4.7
49
4.47921
5
50
4.49921
4.7
51
4.51881
4.7
52
4.53804
5.2
53
4.55691
4.4
54
4.57543
4.1
55
4.59361
4.4
56
4.61147
4.2
57
4.62901
4.4
58
4.64625
5.1
59
4.6632
3.6
60
4.67987
5.1
61
4.69626
6.1
62
4.71239
4.5
63
4.72827
5.3
64
4.74389
4.3
65
4.75928
5.7
66
4.77443
4.2
67
4.78935
3.9
68
4.80406
4.7
69
4.81855
5.3
70
4.83284
4.9
71
4.84692
4.8
72
4.86081
5.1
73
4.87451
5.1
74
4.88802
5
75
4.90136
6.7
76
4.91451
4.7
77
4.9275
4.4
78
4.94032
4.6
79
4.95298
4.9
80
4.96548
5.1
81
4.97782
4.6
82
4.99002
5.4
83
5.00207
3.5
84
5.01397
3.9
85
5.02574
4.7
86
5.03737
5.1
87
5.04886
4.4
88
5.06022
4.9
89
5.07146
5.2
90
5.08257
5
91
5.09356
3.9
92
5.10443
4.9
93
5.11518
4.3
94
5.12582
5.6
95
5.13635
5
96
5.14676
5.8
97
5.15707
5
98
5.16728
4.1
99
5.17738
5.4
100
5.18738
5