1
1
2
1.50142
3
2.16708
4
2.79095
5
3.42372
6
4.0406
7
4.67297
8
5.29427
9
5.92951
10
6.54944
11
7.18246
12
7.79729
13
8.41803
14
9.04965
15
9.67086
16
10.2954
17
10.9304
18
11.5509
19
12.1644
20
12.8038
21
13.4213
22
14.057
23
14.6536
24
15.3094
25
15.9223
26
16.5386
27
17.1698
28
17.7782
29
18.4113
30
19.0445
31
19.6618
32
20.2724
33
20.9261
34
21.537
35
22.1391
36
22.8008
37
23.4336
38
24.051
39
24.6437
40
25.2435
41
25.9404
42
26.5179
43
27.145
44
27.8353
45
28.436
46
29.0667
47
29.6454
48
30.2811
49
30.881
50
31.5288
51
32.1682
52
32.7956
53
33.3584
54
34.0507
55
34.6263
56
35.2302
57
35.8982
58
36.5134
59
37.1663
60
37.8346
61
38.4094
62
39.0581
63
39.5751
64
40.2115
65
40.9089
66
41.5766
67
42.1092
68
42.7558
69
43.4213
70
43.9842
71
44.6853
72
45.3086
73
45.9115
74
46.5394
75
47.2129
76
47.7369
77
48.3982
78
49.0632
79
49.6477
80
50.2555
81
50.8786
82
51.4727
83
52.0521
84
52.7182
85
53.4015
86
53.9494
87
54.5732
88
55.322
89
55.8769
90
56.4653
91
57.1429
92
57.8004
93
58.3924
94
58.9742
95
59.6103
96
60.2096
97
60.7742
98
61.5857
99
62.0999
100
62.6586
101
63.4815
102
63.9654
103
64.5685
104
65.2223
105
65.7821
106
66.5051
107
67.1108
108
67.7056
109
68.4129
110
69.0479
111
69.6291
112
70.2528
113
70.9366
114
71.4969
115
72.2147
116
72.6105
117
73.4293
118
73.9226
119
74.5282
120
75.2991
121
75.9027
122
76.3338
123
77.1519
124
77.8113
125
78.3053
126
78.9767
127
79.5716
128
80.2829
129
80.6564
130
81.3417
131
82.0511
132
82.8023
133
83.3274
134
83.9438
135
84.582
136
85.2211
137
85.9051
138
86.3591
139
87.0516
140
87.7553
141
88.3911
142
88.9434
143
89.7077
144
90.1412
145
90.9298
146
91.3812
147
92.3
148
92.7619
149
93.4705
150
94.0624
151
94.5099
152
95.3008
153
95.792
154
96.3265
155
97.164
156
97.6302
157
98.3424
158
98.8474
159
99.5264
160
100.311
161
100.82
162
101.652
163
102.109
164
102.707
165
103.326
166
103.863
167
104.577
168
105.26
169
105.759
170
106.43
171
107.139
172
107.803
173
108.381
174
109.059
175
109.625
176
110.091
177
110.817
178
111.483
179
112.021
180
112.697
181
113.53
182
113.861
183
114.504
184
114.952
185
115.73
186
116.369
187
116.938
188
117.795
189
118.284
190
118.845
191
119.602
192
120.076
193
120.828
194
121.444
195
121.881
196
122.778
197
123.396
198
123.953
199
124.626
200
125.297
k = 100000, ELAPSED TIME: 86325ms
