100 571
100 485
100 721
100 558
100 404
100 705
100 487
100 422
100 858
100 816
100 400
100 497
100 906
100 491
100 449
100 685
100 513
100 557
100 655
100 533
100 431
100 324
100 443
100 518
100 350
100 736
100 705
100 571
100 476
100 500
100 727
100 391
100 495
100 796
100 465
100 586
100 382
100 532
100 443
100 391
100 368
100 564
100 451
100 545
100 515
100 496
100 646
100 460
100 392
100 512
150 637
150 728
150 584
150 822
150 589
150 1088
150 1209
150 678
150 751
150 708
150 739
150 1184
150 610
150 1035
150 637
150 628
150 658
150 1001
150 736
150 696
150 912
150 968
150 766
150 602
150 719
150 746
150 878
150 620
150 965
150 774
150 800
150 947
150 1177
150 922
150 1115
150 1111
150 678
150 895
150 616
150 803
150 769
150 624
150 580
150 521
150 832
150 819
150 564
150 732
150 601
150 988
200 1176
200 966
200 962
200 1555
200 938
200 888
200 953
200 1354
200 1202
200 1073
200 1110
200 862
200 1038
200 1480
200 1445
200 1119
200 1051
200 1075
200 1080
200 967
200 1118
200 981
200 995
200 1235
200 1772
200 1364
200 1019
200 1096
200 1315
200 1432
200 1343
200 1244
200 1295
200 1270
200 987
200 1823
200 805
200 1668
200 1195
200 1185
200 1135
200 1180
200 971
200 874
200 1414
200 1215
200 1068
200 735
200 1025
200 987
250 1367
250 1137
250 1809
250 1396
250 2041
250 1445
250 1604
250 1877
250 1254
250 1608
250 1424
250 1260
250 1171
250 1364
250 1549
250 1428
250 1614
250 1538
250 1653
250 2239
250 1410
250 1288
250 1467
250 1472
250 1666
250 1505
250 1172
250 1297
250 1865
250 1343
250 1072
250 1347
250 1744
250 1325
250 1287
250 1911
250 2511
250 1677
250 2228
250 1572
250 1608
250 1290
250 1494
250 1578
250 1017
250 1487
250 1267
250 1289
250 1027
250 1215
300 2633
300 1968
300 2241
300 1974
300 1547
300 1610
300 1836
300 2078
300 2229
300 2175
300 1624
300 1579
300 1914
300 1775
300 2287
300 1928
300 2822
300 1634
300 1558
300 3273
300 2475
300 2405
300 1876
300 1776
300 1613
300 1483
300 1776
300 1735
300 1660
300 1511
300 1924
300 2092
300 1969
300 1638
300 2103
300 2272
300 1748
300 1849
300 1729
300 1450
300 2054
300 1754
300 2459
300 1602
300 2066
300 2055
300 1828
300 1339
300 1393
300 1662
350 1802
350 2297
350 2346
350 2228
350 2051
350 1743
350 2465
350 1904
350 2314
350 2369
350 2221
350 1421
350 1812
350 2084
350 1630
350 2164
350 2703
350 2253
350 1897
350 2421
350 3140
350 2254
350 2604
350 2084
350 2052
350 2269
350 1790
350 2588
350 2181
350 2094
350 1664
350 2090
350 1710
350 2109
350 1748
350 1713
350 1912
350 2054
350 2675
350 2371
350 1724
350 2009
350 2133
350 1853
350 2115
350 1876
350 1949
350 1951
350 1902
350 2291
400 2719
400 3097
400 2825
400 2497
400 2682
400 2309
400 2438
400 2459
400 2487
400 4727
400 2483
400 1975
400 2547
400 2613
400 2616
400 2023
400 4529
400 2252
400 2551
400 3112
400 3063
400 2804
400 1891
400 2161
400 2472
400 2276
400 2404
400 2315
400 2651
400 4109
400 2090
400 1935
400 2914
400 2652
400 2904
400 2565
400 2673
400 2788
400 2019
400 2294
400 2153
400 2274
400 2810
400 5215
400 2521
400 2092
400 2985
400 1980
400 3020
400 1821
450 2554
450 2638
450 3543
450 2400
450 2704
450 3835
450 2301
450 2184
450 4230
450 2996
450 2243
450 2346
450 2872
450 3184
450 2898
450 2431
450 2924
450 2980
450 3237
450 3321
450 2194
450 2177
450 3165
450 2881
450 2526
450 2538
450 2895
450 3532
450 3053
450 2836
450 2702
450 3080
450 2565
450 2441
450 3510
450 2935
450 3389
450 2995
450 3084
450 2346
450 3685
450 3554
450 2941
450 3089
450 3235
450 3164
450 3030
450 2438
450 2507
450 2300
500 4025
500 3434
500 3277
500 3201
500 2365
500 3175
500 2914
500 5036
500 3830
500 3595
500 2787
500 4164
500 3589
500 3401
500 3749
500 3006
500 2557
500 2992
500 3165
500 3279
500 2329
500 3626
500 4296
500 2998
500 4364
500 2999
500 3621
500 2823
500 3740
500 3408
500 3385
500 2628
500 3239
500 3109
500 3571
500 4229
500 2454
500 3672
500 4256
500 4773
500 2507
500 4330
500 2828
500 3596
500 3355
500 4041
500 2785
500 3700
500 2961
500 3352
550 3108
550 3798
550 3569
550 3690
550 3879
550 4377
550 4430
550 6085
550 3336
550 4757
550 2814
550 3142
550 3020
550 4015
550 3703
550 4286
550 3376
550 3327
550 3497
550 3245
550 3598
550 4112
550 4532
550 3573
550 4024
550 2977
550 3389
550 2845
550 4516
550 3263
550 3129
550 5198
550 4691
550 3533
550 4513
550 3977
550 3631
550 3604
550 4896
550 3116
550 2950
550 4372
550 3933
550 3166
550 2914
550 3019
550 3721
550 3402
550 3006
550 2735
600 4806
600 3136
600 4588
600 4192
600 3438
600 6564
600 3123
600 3717
600 4496
600 5164
600 4171
600 4626
600 3712
600 5599
600 5999
600 3793
600 3541
600 4234
600 3602
600 3461
600 3734
600 3697
600 4584
600 4730
600 3795
600 3587
600 5254
600 4068
600 4312
600 9459
600 4083
600 3847
600 3189
600 5084
600 3871
600 5530
600 3152
600 4186
600 4775
600 3813
600 6846
600 3616
600 2643
600 4534
600 4061
600 3465
600 4774
600 3829
600 4642
600 3559
650 4469
650 4207
650 4492
650 5037
650 5061
650 6845
650 7065
650 3744
650 4030
650 4696
650 4124
650 5110
650 7308
650 4510
650 5808
650 5282
650 3468
650 4675
650 4741
650 3678
650 3128
650 4086
650 4413
650 5854
650 4783
650 4231
650 6259
650 4572
650 3809
650 4316
650 4574
650 4124
650 5421
650 4888
650 4478
650 4272
650 4105
650 4198
650 3875
650 3753
650 5963
650 3489
650 4589
650 4275
650 4469
650 4242
650 5442
650 3904
650 4633
650 4397
700 6500
700 4713
700 4930
700 4103
700 4067
700 5708
700 5950
700 5786
700 3962
700 5368
700 4979
700 4206
700 3894
700 4524
700 3792
700 4717
700 4951
700 4527
700 4198
700 4894
700 4189
700 3835
700 5276
700 6497
700 5442
700 4647
700 4996
700 5035
700 5151
700 4667
700 4574
700 4589
700 4301
700 4473
700 5136
700 4557
700 6005
700 5210
700 5268
700 5114
700 4523
700 3777
700 7187
700 4414
700 5194
700 5337
700 5177
700 5837
700 4858
700 4137
750 4001
750 4926
750 5100
750 4383
750 6409
750 4753
750 4735
750 5443
750 5396
750 5270
750 4696
750 5478
750 4856
750 5913
750 5412
750 6592
750 5693
750 4609
750 5843
750 5716
750 6425
750 5578
750 3885
750 6170
750 4839
750 4734
750 5714
750 7979
750 4666
750 5254
750 5843
750 5231
750 5357
750 4760
750 4950
750 6224
750 4393
750 5037
750 5550
750 5217
750 8704
750 4999
750 5612
750 5961
750 6520
750 6009
750 6454
750 6318
750 7407
750 7382
800 6414
800 7163
800 5323
800 4380
800 5542
800 5523
800 6220
800 5637
800 4879
800 5988
800 4675
800 7982
800 5772
800 7278
800 4982
800 6326
800 4186
800 6709
800 6610
800 5659
800 5340
800 5673
800 5408
800 5892
800 5111
800 5371
800 5906
800 5192
800 5428
800 5160
800 4085
800 5184
800 6701
800 4951
800 6880
800 6716
800 4750
800 5110
800 5144
800 5107
800 5546
800 4608
800 5452
800 5749
800 4530
800 6320
800 6914
800 6304
800 7764
800 5695
850 5418
850 5755
850 5359
850 5921
850 5291
850 4953
850 4442
850 6194
850 5872
850 5430
850 4603
850 7518
850 5961
850 6424
850 5454
850 9271
850 5432
850 5591
850 6824
850 6582
850 5177
850 8566
850 5229
850 7917
850 7026
850 6189
850 7448
850 7461
850 8454
850 7411
850 6199
850 4899
850 6827
850 4756
850 5564
850 6893
850 6474
850 4902
850 5897
850 7362
850 4977
850 5979
850 5418
850 6716
850 5863
850 9520
850 6623
850 7068
850 6116
850 6590
900 5845
900 5911
900 7011
900 5281
900 8548
900 6588
900 6081
900 4981
900 6208
900 5939
900 6409
900 6600
900 7349
900 7817
900 7197
900 5821
900 7667
900 6488
900 6038
900 5543
900 7164
900 4923
900 8487
900 6113
900 5967
900 4996
900 5382
900 5936
900 6871
900 5288
900 8717
900 8227
900 8661
900 5935
900 8390
900 6803
900 6614
900 5656
900 6964
900 6262
900 6301
900 10723
900 4958
900 7239
900 6112
900 7157
900 6409
900 6477
900 9888
900 6766
950 7978
950 6256
950 7398
950 6353
950 7500
950 7539
950 5399
950 9291
950 10058
950 6383
950 7916
950 6279
950 5701
950 5568
950 7127
950 5946
950 6757
950 5455
950 5672
950 5790
950 7551
950 7529
950 7465
950 6208
950 6270
950 6657
950 7093
950 5581
950 8836
950 6923
950 6108
950 7185
950 6688
950 6939
950 6500
950 5407
950 6325
950 8141
950 8035
950 7310
950 6347
950 5735
950 6514
950 5723
950 5376
950 6190
950 6593
950 6034
950 6188
950 6032
1000 6188
1000 8070
1000 7412
1000 6962
1000 9440
1000 6784
1000 7510
1000 7871
1000 6669
1000 6659
1000 7163
1000 9153
1000 7456
1000 6971
1000 8235
1000 7765
1000 6751
1000 6944
1000 6779
1000 6831
1000 7098
1000 7102
1000 6650
1000 7118
1000 7731
1000 7812
1000 7589
1000 6077
1000 6851
1000 8234
1000 9460
1000 8714
1000 6707
1000 5941
1000 7954
1000 7252
1000 8248
1000 6576
1000 8787
1000 6661
1000 6697
1000 5970
1000 8810
1000 7363
1000 6975
1000 7025
1000 7521
1000 6850
1000 8827
1000 6937
1050 9124
1050 5587
1050 8791
1050 8272
1050 9773
1050 9096
1050 9147
1050 8462
1050 8235
1050 8103
1050 10407
1050 8122
1050 7164
1050 5872
1050 8111
1050 6967
1050 9228
1050 7413
1050 5681
1050 6364
1050 6908
1050 9788
1050 11521
1050 8406
1050 6737
1050 7444
1050 8171
1050 6750
1050 6499
1050 8299
1050 8150
1050 7592
1050 7828
1050 7930
1050 8625
1050 7903
1050 7442
1050 9859
1050 9245
1050 6891
1050 7985
1050 7057
1050 8416
1050 9884
1050 8529
1050 5764
1050 7807
1050 8289
1050 8809
1050 8402
1100 9092
1100 8674
1100 8317
1100 7842
1100 8998
1100 8012
1100 6435
1100 7858
1100 6444
1100 7988
1100 6735
1100 9054
1100 8436
1100 8311
1100 8346
1100 6707
1100 10550
1100 7862
1100 6875
1100 8599
1100 9367
1100 6502
1100 7902
1100 11759
1100 7158
1100 6729
1100 7048
1100 6694
1100 8991
1100 7577
1100 9397
1100 7588
1100 7732
1100 7732
1100 6959
1100 6802
1100 8167
1100 7819
1100 6362
1100 8737
1100 7895
1100 7116
1100 9743
1100 7787
1100 9381
1100 9592
1100 8661
1100 11676
1100 8438
1100 8591
1150 9478
1150 9074
1150 8605
1150 8121
1150 12811
1150 7279
1150 8297
1150 11128
1150 8298
1150 8807
1150 9331
1150 6887
1150 6911
1150 8828
1150 10031
1150 7672
1150 7481
1150 7338
1150 11421
1150 8541
1150 9925
1150 7844
1150 7618
1150 8103
1150 10517
1150 7074
1150 11517
1150 11768
1150 9096
1150 9608
1150 9959
1150 8379
1150 10881
1150 9396
1150 8972
1150 7060
1150 10300
1150 9009
1150 7820
1150 9045
1150 11319
1150 8733
1150 8451
1150 7620
1150 8381
1150 8591
1150 9805
1150 7804
1150 9585
1150 7581
1200 10558
1200 10433
1200 8187
1200 10508
1200 8144
1200 10236
1200 8431
1200 8170
1200 12165
1200 8178
1200 11121
1200 8442
1200 8952
1200 12588
1200 8346
1200 8738
1200 6903
1200 9830
1200 7796
1200 7999
1200 8308
1200 10419
1200 8028
1200 8532
1200 11433
1200 9182
1200 11270
1200 7640
1200 11372
1200 11733
1200 10251
1200 8404
1200 8704
1200 7458
1200 11226
1200 6971
1200 8602
1200 8695
1200 9860
1200 11058
1200 8221
1200 11602
1200 13366
1200 7656
1200 13182
1200 8644
1200 8454
1200 7844
1200 11471
1200 8076
1250 7394
1250 8985
1250 8717
1250 10673
1250 9048
1250 8988
1250 9118
1250 12042
1250 9853
1250 8244
1250 11966
1250 9831
1250 9459
1250 8367
1250 8514
1250 11408
1250 8595
1250 8165
1250 9413
1250 8373
1250 8506
1250 11090
1250 8435
1250 9809
1250 10733
1250 9071
1250 9086
1250 8735
1250 9758
1250 9470
1250 10462
1250 8474
1250 9152
1250 8389
1250 10204
1250 10619
1250 8299
1250 8153
1250 7528
1250 7772
1250 12917
1250 9055
1250 11490
1250 9189
1250 8237
1250 8212
1250 10509
1250 10283
1250 11807
1250 13368
1300 8897
1300 9345
1300 10295
1300 7919
1300 7584
1300 11984
1300 10557
1300 8446
1300 7631
1300 8227
1300 10579
1300 8473
1300 8797
1300 8840
1300 10375
1300 9452
1300 11640
1300 9774
1300 9853
1300 8360
1300 11287
1300 11251
1300 7937
1300 12095
1300 11314
1300 7938
1300 8715
1300 10091
1300 10936
1300 12035
1300 8931
1300 14140
1300 9809
1300 9704
1300 8427
1300 8360
1300 11132
1300 10892
1300 10837
1300 9497
1300 11394
1300 10217
1300 8603
1300 9271
1300 13205
1300 12709
1300 11561
1300 12302
1300 9605
1300 11274
1350 11184
1350 11889
1350 10229
1350 9135
1350 8734
1350 14164
1350 10438
1350 9304
1350 9260
1350 9769
1350 8426
1350 11368
1350 8225
1350 7869
1350 7161
1350 12489
1350 12150
1350 13499
1350 10520
1350 12076
1350 13382
1350 10034
1350 9972
1350 8716
1350 10959
1350 13590
1350 10713
1350 13125
1350 10189
1350 9896
1350 9875
1350 10118
1350 11841
1350 12047
1350 20771
1350 11686
1350 11581
1350 9723
1350 14569
1350 12357
1350 9966
1350 10757
1350 10420
1350 8736
1350 12240
1350 8228
1350 9071
1350 9004
1350 12162
1350 9570
1400 10954
1400 10672
1400 13275
1400 10191
1400 11694
1400 10448
1400 13344
1400 12734
1400 11274
1400 9689
1400 10322
1400 8902
1400 10880
1400 8686
1400 8377
1400 9178
1400 10243
1400 13105
1400 11515
1400 12415
1400 11755
1400 14670
1400 10987
1400 11139
1400 11361
1400 8665
1400 10370
1400 8776
1400 10004
1400 12323
1400 10134
1400 9911
1400 11491
1400 8726
1400 13482
1400 11994
1400 10458
1400 14179
1400 10429
1400 11872
1400 15238
1400 12238
1400 11411
1400 10536
1400 8466
1400 8388
1400 8306
1400 10316
1400 8310
1400 10405
1450 9696
1450 9391
1450 14039
1450 10808
1450 13033
1450 9953
1450 9950
1450 12141
1450 9811
1450 15636
1450 10563
1450 11426
1450 10786
1450 12279
1450 12525
1450 11593
1450 12070
1450 10971
1450 10543
1450 9543
1450 15006
1450 9538
1450 8546
1450 9522
1450 10815
1450 13861
1450 13435
1450 13028
1450 9448
1450 8827
1450 9581
1450 10558
1450 10814
1450 11032
1450 9366
1450 10455
1450 13112
1450 12568
1450 10735
1450 11316
1450 8690
1450 8969
1450 9408
1450 10301
1450 9986
1450 10422
1450 8592
1450 11456
1450 10186
1450 8704
1500 11602
1500 11447
1500 13308
1500 12277
1500 12745
1500 11434
1500 17707
1500 11456
1500 17373
1500 10152
1500 11518
1500 12061
1500 11562
1500 11670
1500 11530
1500 10270
1500 10338
1500 11031
1500 9553
1500 9348
1500 10225
1500 10905
1500 9424
1500 10903
1500 10829
1500 10746
1500 11360
1500 12601
1500 13561
1500 9930
1500 11862
1500 10664
1500 11392
1500 10132
1500 14125
1500 10589
1500 14108
1500 10624
1500 10837
1500 15714
1500 9898
1500 12978
1500 10689
1500 11458
1500 12854
1500 17261
1500 10478
1500 12144
1500 11528
1500 10965
1550 13143
1550 11950
1550 12849
1550 11624
1550 15893
1550 11157
1550 12757
1550 11829
1550 11012
1550 10532
1550 14277
1550 12860
1550 12220
1550 11604
1550 16674
1550 13486
1550 13312
1550 13384
1550 9271
1550 11191
1550 13084
1550 12084
1550 11410
1550 13494
1550 10709
1550 11404
1550 10262
1550 10182
1550 8869
1550 12005
1550 16276
1550 9201
1550 13694
1550 11136
1550 10972
1550 13530
1550 11817
1550 15355
1550 11371
1550 10270
1550 16596
1550 10439
1550 9702
1550 11971
1550 11962
1550 12143
1550 11616
1550 10562
1550 11033
1550 11085
1600 12046
1600 15284
1600 12831
1600 13182
1600 10318
1600 12614
1600 15009
1600 10435
1600 13091
1600 12617
1600 12859
1600 13087
1600 11511
1600 11369
1600 9868
1600 14077
1600 12061
1600 12823
1600 14839
1600 11109
1600 13407
1600 11450
1600 11341
1600 10150
1600 12418
1600 14395
1600 13353
1600 13028
1600 14888
1600 11449
1600 11970
1600 13408
1600 11107
1600 13736
1600 13133
1600 15393
1600 12714
1600 12197
1600 17411
1600 14154
1600 10109
1600 9581
1600 12267
1600 12897
1600 10858
1600 13264
1600 12110
1600 11523
1600 12668
1600 15594
1650 13165
1650 14521
1650 13321
1650 11935
1650 12080
1650 14277
1650 12476
1650 13236
1650 11368
1650 15793
1650 12077
1650 12646
1650 10767
1650 13815
1650 14034
1650 18069
1650 14940
1650 15058
1650 15835
1650 14139
1650 11811
1650 12432
1650 9442
1650 13070
1650 10591
1650 11375
1650 13917
1650 15489
1650 11368
1650 13668
1650 11916
1650 13099
1650 10883
1650 11538
1650 12118
1650 12683
1650 12551
1650 13567
1650 12957
1650 12735
1650 13166
1650 11878
1650 14361
1650 15047
1650 14839
1650 15797
1650 11926
1650 9862
1650 14584
1650 12752
1700 12950
1700 12707
1700 11283
1700 14981
1700 17377
1700 12320
1700 16800
1700 17191
1700 13069
1700 11120
1700 11575
1700 13277
1700 12170
1700 13590
1700 10855
1700 11684
1700 12304
1700 10970
1700 14412
1700 11374
1700 13244
1700 13938
1700 11819
1700 12186
1700 15112
1700 13971
1700 11289
1700 13954
1700 13712
1700 17854
1700 12905
1700 13459
1700 12488
1700 12585
1700 14449
1700 15372
1700 13736
1700 12193
1700 13329
1700 15781
1700 11562
1700 13283
1700 14747
1700 15277
1700 13874
1700 13396
1700 16718
1700 13040
1700 12989
1700 13506
1750 15252
1750 12564
1750 17115
1750 20618
1750 11066
1750 15337
1750 14359
1750 14113
1750 20646
1750 13348
1750 10671
1750 20149
1750 12481
1750 14395
1750 14543
1750 14506
1750 13158
1750 13528
1750 20178
1750 17767
1750 16724
1750 16883
1750 14862
1750 13676
1750 13840
1750 15016
1750 14929
1750 11630
1750 14169
1750 11072
1750 14085
1750 13941
1750 20411
1750 13098
1750 12797
1750 11936
1750 13411
1750 12307
1750 12577
1750 13852
1750 14726
1750 13439
1750 11677
1750 14233
1750 16885
1750 10553
1750 14750
1750 12761
1750 12306
1750 11894
1800 17976
1800 14122
1800 19116
1800 11244
1800 14769
1800 14407
1800 11448
1800 11771
1800 12814
1800 17630
1800 15557
1800 12980
1800 21250
1800 24759
1800 13978
1800 13535
1800 17367
1800 15200
1800 16297
1800 9935
1800 14197
1800 16398
1800 20450
1800 13854
1800 13231
1800 13940
1800 17043
1800 15166
1800 13731
1800 14592
1800 11456
1800 16293
1800 13125
1800 19345
1800 12988
1800 14750
1800 15502
1800 15029
1800 11911
1800 11868
1800 16697
1800 14975
1800 15595
1800 12786
1800 14486
1800 16357
1800 12854
1800 10876
1800 17856
1800 12400
1850 14516
1850 15082
1850 18789
1850 13170
1850 13330
1850 16325
1850 14624
1850 11720
1850 15758
1850 16844
1850 13967
1850 13565
1850 17808
1850 12935
1850 13352
1850 14655
1850 15816
1850 13608
1850 16223
1850 14768
1850 14064
1850 12710
1850 15949
1850 11452
1850 22901
1850 12525
1850 19543
1850 13825
1850 13667
1850 13643
1850 13753
1850 14755
1850 14589
1850 12728
1850 12968
1850 13316
1850 13153
1850 14408
1850 17364
1850 20871
1850 17154
1850 18445
1850 15044
1850 10970
1850 17478
1850 13786
1850 12411
1850 13670
1850 15347
1850 14010
1900 15139
1900 15532
1900 16052
1900 14329
1900 15404
1900 11732
1900 15128
1900 12292
1900 15171
1900 14156
1900 14361
1900 13215
1900 13438
1900 13886
1900 18590
1900 13420
1900 19315
1900 12887
1900 15612
1900 19311
1900 12600
1900 14867
1900 16655
1900 11377
1900 16685
1900 14773
1900 15350
1900 13791
1900 16283
1900 16885
1900 14381
1900 15447
1900 15704
1900 14894
1900 13059
1900 16402
1900 17765
1900 14325
1900 14303
1900 13600
1900 17628
1900 14330
1900 16033
1900 13536
1900 16929
1900 16149
1900 15456
1900 13852
1900 13975
1900 13991
1950 14454
1950 18439
1950 12451
1950 12805
1950 14479
1950 19230
1950 16913
1950 14479
1950 19516
1950 12474
1950 14566
1950 22431
1950 14092
1950 14413
1950 14751
1950 12903
1950 15836
1950 19764
1950 15740
1950 13603
1950 15558
1950 14235
1950 14805
1950 17365
1950 16315
1950 13538
1950 13770
1950 18518
1950 16477
1950 17715
1950 20579
1950 19338
1950 15995
1950 14053
1950 19355
1950 16789
1950 15270
1950 17868
1950 14466
1950 15709
1950 16192
1950 13721
1950 13585
1950 13056
1950 15420
1950 19169
1950 14773
1950 13640
1950 16763
1950 15516
2000 18978
2000 17353
2000 17667
2000 15482
2000 17093
2000 21628
2000 14019
2000 21971
2000 14806
2000 16271
2000 17366
2000 17487
2000 12390
2000 14146
2000 17352
2000 14951
2000 22927
2000 15116
2000 21547
2000 13719
2000 15443
2000 13386
2000 13238
2000 13055
2000 13876
2000 13282
2000 16432
2000 14664
2000 16075
2000 13568
2000 18342
2000 20988
2000 19536
2000 14760
2000 17986
2000 16843
2000 18195
2000 16778
2000 16123
2000 14340
2000 21361
2000 11849
2000 12990
2000 20697
2000 15133
2000 17828
2000 16299
2000 20801
2000 20946
2000 14825
