100 404
100 632
100 461
100 794
100 507
100 529
100 532
100 396
100 633
100 531
100 863
100 425
100 417
100 798
100 448
100 1112
100 410
100 450
100 464
100 474
100 448
100 486
100 512
100 446
100 604
100 687
100 552
100 519
100 557
100 555
100 594
100 425
100 587
100 428
100 431
100 532
100 423
100 569
100 577
100 580
100 641
100 375
100 711
100 610
100 641
100 959
100 388
100 487
100 725
100 480
150 1212
150 1242
150 1041
150 935
150 759
150 591
150 1053
150 947
150 714
150 760
150 876
150 774
150 554
150 845
150 767
150 809
150 672
150 787
150 544
150 807
150 710
150 1260
150 569
150 792
150 745
150 784
150 1150
150 628
150 611
150 784
150 998
150 1225
150 720
150 728
150 1704
150 602
150 804
150 1296
150 1003
150 674
150 583
150 816
150 760
150 1243
150 960
150 850
150 1130
150 722
150 727
150 791
200 1726
200 1203
200 859
200 1131
200 1168
200 1138
200 1251
200 989
200 1426
200 1430
200 1274
200 848
200 777
200 1241
200 1089
200 1157
200 1304
200 1003
200 965
200 843
200 804
200 1588
200 1344
200 1823
200 879
200 1120
200 1384
200 1120
200 960
200 1171
200 1278
200 1309
200 1654
200 1341
200 1363
200 837
200 1086
200 908
200 1298
200 1136
200 1168
200 1152
200 1035
200 921
200 1356
200 1118
200 956
200 1638
200 1170
200 1450
250 2216
250 1678
250 1569
250 1723
250 1300
250 1312
250 1596
250 1908
250 1986
250 1825
250 1632
250 1767
250 1546
250 2001
250 1538
250 1289
250 1814
250 904
250 1658
250 1280
250 2702
250 1608
250 1250
250 1330
250 1169
250 1260
250 1563
250 1502
250 1481
250 2436
250 2555
250 2255
250 1915
250 2068
250 1603
250 1348
250 1582
250 1371
250 1797
250 2053
250 2533
250 1989
250 1474
250 1636
250 2100
250 1311
250 1294
250 2580
250 1490
250 2259
300 1762
300 2417
300 2327
300 2611
300 1687
300 2057
300 2035
300 2407
300 1643
300 2263
300 1933
300 1377
300 1619
300 1958
300 1981
300 1532
300 1664
300 2279
300 2054
300 1570
300 2294
300 2964
300 1730
300 1550
300 3001
300 2109
300 1782
300 1655
300 2023
300 2124
300 2110
300 3578
300 2525
300 1836
300 2690
300 2175
300 1796
300 1699
300 1771
300 2519
300 2259
300 1546
300 1618
300 2963
300 2381
300 2211
300 1662
300 1990
300 1923
300 1547
350 2017
350 2648
350 2214
350 1755
350 2182
350 2330
350 2095
350 2677
350 1680
350 2894
350 3423
350 2929
350 2955
350 2630
350 2565
350 3110
350 2231
350 2031
350 2833
350 1997
350 3697
350 2737
350 2676
350 2584
350 2698
350 2330
350 2338
350 2325
350 2740
350 2261
350 2696
350 2710
350 2287
350 2511
350 2382
350 2455
350 2663
350 2379
350 2205
350 3026
350 2082
350 1649
350 2484
350 2181
350 2673
350 1878
350 2156
350 2471
350 2354
350 2085
400 2097
400 2517
400 3202
400 2477
400 3976
400 2965
400 3101
400 2749
400 2896
400 2801
400 2668
400 3412
400 2307
400 2330
400 3888
400 3057
400 2076
400 2594
400 2674
400 2799
400 2072
400 3095
400 3109
400 2969
400 2251
400 2423
400 2723
400 2581
400 2312
400 3775
400 3202
400 3798
400 2497
400 2853
400 3508
400 3049
400 3203
400 3004
400 2634
400 2599
400 2319
400 2607
400 2639
400 2943
400 3129
400 2761
400 3380
400 3053
400 2775
400 3345
450 3253
450 3199
450 4334
450 4854
450 3462
450 5600
450 3841
450 2848
450 2998
450 4615
450 3110
450 2822
450 2832
450 3160
450 2720
450 3180
450 3864
450 3879
450 3774
450 4659
450 3358
450 3181
450 4051
450 3123
450 3337
450 3006
450 2808
450 3129
450 2645
450 2906
450 4230
450 3975
450 2834
450 2846
450 3306
450 4084
450 3570
450 2967
450 4223
450 2195
450 2939
450 2866
450 3071
450 3382
450 3007
450 2994
450 3226
450 2587
450 3154
450 3231
500 3138
500 3033
500 2937
500 3348
500 3625
500 3838
500 3589
500 4467
500 5322
500 3585
500 3517
500 3748
500 4411
500 2705
500 3125
500 3115
500 3183
500 3300
500 2648
500 2604
500 5557
500 4141
500 4442
500 2986
500 2727
500 3311
500 3296
500 3518
500 4865
500 3963
500 2628
500 3377
500 3409
500 3403
500 4167
500 4289
500 3048
500 3857
500 4485
500 4314
500 4389
500 3690
500 4949
500 3967
500 2896
500 4557
500 4669
500 5567
500 2838
500 2896
550 3439
550 3262
550 5196
550 3730
550 5227
550 2813
550 4018
550 4444
550 3876
550 3162
550 5118
550 3071
550 3795
550 3575
550 9562
550 4865
550 4752
550 5902
550 4491
550 3231
550 5285
550 4329
550 5134
550 4895
550 4866
550 4351
550 4751
550 4001
550 4929
550 4473
550 3690
550 4703
550 4541
550 5787
550 5742
550 3952
550 4705
550 4612
550 4921
550 4219
550 4116
550 4226
550 3436
550 3466
550 3202
550 4884
550 4732
550 4839
550 4046
550 4251
600 5189
600 5975
600 4090
600 4448
600 3659
600 4452
600 4383
600 4189
600 5447
600 3942
600 3572
600 5537
600 4515
600 4197
600 4549
600 4688
600 4429
600 4428
600 5277
600 4040
600 3941
600 5844
600 4884
600 4505
600 4549
600 5858
600 3620
600 5412
600 4753
600 4562
600 6265
600 3739
600 3829
600 3749
600 4405
600 5316
600 4982
600 5460
600 3885
600 4079
600 4279
600 4421
600 5126
600 5582
600 4140
600 4333
600 5015
600 4659
600 4238
600 4177
650 6136
650 4798
650 4972
650 4299
650 4315
650 4913
650 4417
650 4629
650 7119
650 6938
650 4214
650 4810
650 4399
650 4763
650 5484
650 3759
650 5545
650 6889
650 6542
650 5501
650 5810
650 4632
650 5104
650 5143
650 4674
650 5997
650 4900
650 4340
650 5308
650 5216
650 6547
650 6406
650 4598
650 4955
650 4101
650 5230
650 4578
650 5149
650 5340
650 3613
650 4763
650 6266
650 3676
650 6693
650 5668
650 4712
650 3816
650 4796
650 5116
650 5290
700 4604
700 7157
700 5789
700 4758
700 4531
700 4981
700 4803
700 5885
700 7762
700 7982
700 5387
700 5314
700 6073
700 4489
700 6900
700 7123
700 6140
700 5502
700 4160
700 6410
700 4471
700 4499
700 4901
700 7170
700 5196
700 4531
700 6144
700 5481
700 5710
700 4996
700 5207
700 5800
700 4252
700 5273
700 5799
700 6088
700 6336
700 6980
700 5181
700 6417
700 4661
700 5982
700 5044
700 5639
700 4845
700 5556
700 5374
700 4849
700 4585
700 4877
750 7864
750 7464
750 6672
750 7126
750 10456
750 6012
750 5995
750 5752
750 5736
750 5581
750 5334
750 6033
750 6487
750 4408
750 5481
750 3790
750 5698
750 5749
750 6158
750 5183
750 5407
750 6069
750 7127
750 6864
750 4934
750 6473
750 5687
750 5899
750 6218
750 5608
750 5214
750 5430
750 5463
750 6030
750 4267
750 4605
750 4063
750 5824
750 5763
750 4527
750 7429
750 5383
750 5854
750 5410
750 5991
750 5100
750 6078
750 6879
750 5846
750 6267
800 5354
800 5720
800 6180
800 6754
800 5315
800 6457
800 6571
800 7758
800 4607
800 7978
800 6829
800 5224
800 7822
800 5513
800 6194
800 6178
800 6668
800 6660
800 5007
800 6988
800 7789
800 7154
800 6529
800 7268
800 7108
800 5446
800 5165
800 6692
800 6593
800 7762
800 5014
800 6038
800 6820
800 6030
800 7774
800 9051
800 6421
800 6500
800 5932
800 5643
800 6057
800 5821
800 5163
800 6917
800 5200
800 5853
800 6155
800 6480
800 5109
800 6899
850 5549
850 5957
850 11991
850 8918
850 8401
850 7975
850 7665
850 7480
850 7488
850 7979
850 6649
850 6843
850 6079
850 8982
850 10169
850 7085
850 5972
850 4685
850 10715
850 8882
850 7266
850 5648
850 8366
850 8135
850 7749
850 7208
850 6414
850 7057
850 7862
850 6683
850 9944
850 6641
850 6629
850 9005
850 5901
850 7536
850 7772
850 7974
850 10860
850 9988
850 5723
850 8241
850 6067
850 6443
850 7053
850 5446
850 6251
850 7777
850 6107
850 6734
900 9728
900 9776
900 8009
900 7345
900 8237
900 8680
900 8395
900 8347
900 8267
900 8376
900 6704
900 7224
900 6706
900 6323
900 7591
900 8977
900 7100
900 6783
900 6791
900 7272
900 6933
900 7539
900 7607
900 6801
900 6654
900 6145
900 7933
900 8074
900 6317
900 7070
900 6916
900 6711
900 6232
900 7464
900 7427
900 9438
900 6780
900 6121
900 7365
900 8771
900 8771
900 6012
900 5983
900 5644
900 5203
900 6047
900 8770
900 7593
900 6486
900 6391
950 6057
950 7903
950 9857
950 7753
950 8117
950 7811
950 7786
950 8372
950 8206
950 7193
950 11941
950 8981
950 8828
950 7083
950 6289
950 7022
950 7035
950 11265
950 7067
950 8570
950 8986
950 7741
950 10786
950 6645
950 8340
950 10430
950 8594
950 7387
950 9737
950 6600
950 7400
950 7228
950 9309
950 7113
950 10353
950 7035
950 9839
950 11010
950 7989
950 6681
950 8062
950 9271
950 7337
950 8088
950 8522
950 6678
950 9030
950 9485
950 6474
950 6710
1000 9865
1000 6988
1000 8396
1000 10001
1000 8131
1000 9158
1000 9937
1000 9619
1000 7697
1000 11343
1000 6135
1000 9860
1000 10072
1000 7189
1000 8693
1000 7035
1000 7224
1000 8707
1000 8145
1000 8610
1000 7373
1000 7987
1000 10167
1000 6387
1000 7948
1000 8327
1000 8248
1000 6782
1000 10257
1000 9714
1000 6925
1000 6582
1000 10210
1000 8056
1000 8709
1000 8067
1000 10216
1000 8242
1000 7385
1000 7849
1000 8485
1000 9268
1000 7704
1000 6690
1000 9072
1000 9374
1000 10147
1000 7346
1000 8620
1000 7543
1050 9012
1050 7811
1050 9437
1050 9308
1050 8984
1050 6122
1050 7069
1050 10601
1050 8227
1050 9212
1050 8478
1050 8191
1050 6910
1050 6982
1050 8579
1050 6564
1050 9056
1050 11434
1050 7046
1050 12108
1050 9705
1050 11108
1050 8514
1050 9192
1050 8289
1050 9691
1050 11555
1050 8407
1050 8157
1050 9123
1050 8931
1050 9690
1050 9099
1050 8132
1050 8751
1050 10242
1050 7532
1050 7676
1050 8148
1050 10810
1050 9104
1050 10707
1050 8486
1050 9070
1050 10304
1050 13412
1050 8468
1050 8554
1050 8124
1050 8196
1100 7898
1100 8485
1100 7622
1100 9052
1100 7964
1100 9247
1100 8914
1100 7981
1100 7760
1100 9460
1100 11614
1100 7271
1100 8774
1100 8462
1100 8688
1100 8312
1100 8122
1100 8909
1100 8029
1100 11942
1100 14746
1100 8671
1100 10021
1100 12285
1100 8347
1100 10347
1100 9374
1100 11483
1100 8184
1100 7551
1100 10459
1100 9810
1100 9893
1100 11832
1100 11307
1100 10060
1100 8920
1100 9655
1100 8139
1100 16003
1100 8894
1100 13588
1100 9413
1100 9670
1100 9329
1100 10727
1100 9821
1100 9046
1100 9851
1100 7838
1150 9465
1150 8825
1150 11684
1150 7729
1150 9607
1150 10955
1150 10878
1150 10745
1150 10582
1150 14880
1150 9939
1150 8402
1150 9559
1150 10016
1150 11364
1150 7934
1150 9660
1150 8897
1150 11364
1150 10505
1150 8980
1150 9840
1150 10815
1150 9479
1150 9131
1150 8848
1150 16125
1150 11252
1150 11807
1150 9133
1150 11529
1150 10352
1150 9889
1150 9335
1150 9923
1150 8588
1150 11257
1150 8829
1150 8172
1150 7376
1150 10126
1150 9381
1150 15259
1150 9319
1150 8406
1150 10862
1150 9560
1150 10758
1150 9412
1150 11548
1200 7572
1200 7885
1200 11014
1200 12130
1200 9538
1200 8149
1200 10248
1200 9324
1200 8651
1200 10182
1200 8532
1200 8459
1200 9775
1200 10210
1200 9938
1200 9320
1200 9691
1200 10205
1200 10579
1200 8208
1200 10417
1200 9003
1200 9719
1200 8269
1200 8743
1200 11611
1200 11088
1200 11024
1200 9881
1200 9824
1200 8276
1200 11141
1200 8448
1200 12274
1200 10165
1200 8505
1200 8590
1200 13011
1200 11768
1200 7511
1200 10623
1200 10372
1200 9166
1200 12235
1200 9710
1200 13435
1200 14926
1200 10827
1200 10463
1200 9502
1250 10207
1250 10083
1250 8924
1250 19633
1250 13837
1250 10253
1250 10147
1250 11301
1250 10141
1250 10027
1250 9105
1250 10247
1250 8315
1250 10160
1250 12452
1250 12581
1250 16237
1250 8855
1250 9985
1250 11416
1250 9234
1250 11385
1250 9419
1250 9302
1250 11915
1250 8814
1250 10294
1250 12349
1250 11619
1250 12599
1250 10022
1250 11386
1250 10753
1250 10303
1250 11409
1250 11938
1250 11366
1250 11276
1250 10564
1250 9931
1250 13441
1250 12185
1250 11552
1250 9284
1250 9917
1250 8421
1250 10093
1250 10456
1250 10471
1250 9805
1300 10176
1300 10506
1300 17776
1300 9442
1300 14204
1300 13139
1300 14193
1300 14930
1300 11908
1300 14726
1300 13929
1300 8932
1300 13565
1300 10805
1300 11764
1300 10111
1300 13345
1300 12234
1300 9735
1300 13343
1300 10295
1300 14770
1300 9149
1300 12572
1300 9964
1300 13730
1300 9118
1300 12121
1300 10486
1300 10585
1300 11237
1300 13412
1300 11887
1300 11501
1300 11068
1300 10344
1300 10188
1300 13654
1300 12062
1300 10930
1300 11508
1300 9959
1300 11483
1300 11664
1300 13706
1300 11836
1300 10808
1300 16962
1300 9493
1300 9347
1350 11354
1350 10022
1350 12893
1350 10506
1350 10812
1350 10248
1350 13708
1350 11916
1350 9740
1350 12374
1350 11574
1350 16050
1350 10593
1350 14220
1350 12573
1350 13843
1350 9877
1350 10803
1350 12746
1350 12151
1350 18399
1350 10964
1350 15108
1350 12300
1350 12338
1350 14634
1350 14675
1350 11788
1350 14160
1350 13545
1350 11385
1350 13596
1350 10396
1350 12831
1350 11298
1350 8690
1350 13368
1350 12525
1350 10442
1350 9921
1350 15411
1350 9667
1350 12041
1350 11199
1350 12134
1350 10486
1350 11345
1350 10535
1350 10813
1350 12089
1400 12771
1400 12482
1400 11717
1400 12881
1400 11564
1400 12286
1400 10602
1400 14411
1400 11936
1400 12497
1400 15855
1400 10755
1400 14798
1400 12257
1400 12710
1400 12809
1400 11378
1400 21584
1400 13743
1400 11017
1400 13220
1400 11195
1400 12245
1400 13435
1400 10346
1400 9469
1400 12236
1400 12433
1400 11806
1400 14071
1400 12629
1400 10570
1400 12659
1400 12050
1400 11932
1400 10121
1400 9415
1400 11522
1400 15829
1400 9478
1400 12165
1400 11060
1400 12419
1400 12523
1400 11786
1400 12050
1400 13063
1400 12588
1400 11688
1400 12365
1450 11104
1450 11609
1450 14138
1450 13811
1450 13763
1450 14712
1450 12562
1450 14284
1450 11533
1450 19622
1450 16780
1450 11426
1450 12470
1450 11720
1450 12936
1450 13131
1450 10240
1450 15167
1450 18190
1450 11283
1450 11012
1450 10183
1450 11705
1450 10456
1450 10306
1450 13687
1450 10654
1450 14568
1450 12688
1450 13857
1450 13620
1450 12171
1450 14098
1450 15399
1450 12360
1450 12824
1450 12999
1450 14603
1450 10968
1450 15417
1450 13238
1450 10490
1450 14164
1450 13769
1450 14305
1450 14315
1450 11003
1450 11503
1450 11909
1450 12485
1500 13562
1500 12015
1500 14297
1500 11896
1500 11767
1500 15351
1500 14537
1500 16521
1500 12976
1500 15721
1500 12949
1500 12929
1500 12121
1500 14071
1500 12655
1500 12064
1500 11270
1500 14993
1500 13690
1500 12448
1500 13526
1500 15490
1500 13541
1500 14791
1500 11772
1500 12039
1500 15060
1500 12704
1500 11951
1500 15176
1500 9719
1500 11511
1500 11220
1500 16131
1500 13605
1500 12058
1500 12989
1500 12356
1500 11893
1500 12665
1500 16642
1500 13457
1500 13761
1500 11975
1500 9490
1500 12991
1500 14080
1500 13499
1500 12225
1500 19647
1550 15723
1550 13574
1550 15219
1550 17182
1550 14717
1550 14276
1550 14304
1550 14341
1550 13353
1550 15094
1550 10808
1550 14100
1550 18276
1550 10347
1550 12882
1550 11527
1550 15680
1550 12633
1550 12218
1550 12988
1550 13045
1550 14300
1550 14721
1550 13655
1550 11303
1550 16311
1550 13161
1550 13090
1550 12945
1550 10370
1550 13222
1550 10521
1550 15369
1550 13808
1550 13008
1550 12426
1550 13821
1550 13522
1550 13476
1550 14339
1550 11331
1550 12906
1550 10383
1550 11204
1550 11013
1550 12749
1550 11585
1550 12682
1550 13757
1550 20123
1600 10457
1600 14224
1600 13863
1600 16239
1600 13373
1600 17033
1600 17949
1600 14604
1600 16071
1600 17337
1600 14336
1600 14471
1600 13184
1600 14397
1600 15718
1600 15649
1600 15383
1600 16862
1600 13126
1600 12012
1600 18061
1600 13221
1600 16579
1600 13124
1600 15670
1600 12750
1600 13599
1600 15382
1600 19742
1600 13310
1600 14575
1600 13955
1600 16660
1600 13121
1600 13649
1600 13679
1600 15226
1600 13087
1600 14790
1600 16373
1600 14973
1600 14640
1600 12195
1600 12852
1600 14657
1600 17855
1600 12473
1600 17359
1600 13361
1600 14413
1650 17232
1650 13487
1650 13235
1650 18441
1650 16463
1650 12125
1650 13245
1650 14355
1650 14046
1650 12073
1650 11411
1650 17121
1650 13156
1650 11748
1650 12738
1650 15948
1650 13364
1650 17402
1650 17337
1650 13223
1650 14772
1650 15444
1650 16133
1650 12001
1650 15874
1650 17730
1650 17828
1650 13017
1650 14631
1650 13534
1650 11906
1650 14447
1650 14431
1650 13859
1650 15187
1650 14887
1650 18088
1650 17384
1650 15040
1650 23852
1650 14618
1650 15920
1650 13651
1650 17572
1650 18902
1650 14590
1650 12807
1650 13965
1650 14441
1650 13921
1700 18066
1700 18298
1700 16266
1700 17283
1700 17465
1700 16322
1700 15893
1700 13484
1700 15456
1700 14794
1700 12765
1700 14055
1700 16451
1700 16290
1700 14841
1700 14580
1700 17369
1700 14435
1700 17363
1700 15815
1700 17481
1700 15293
1700 18064
1700 13915
1700 17228
1700 13801
1700 15711
1700 12813
1700 13006
1700 15439
1700 12453
1700 11910
1700 14595
1700 16128
1700 15971
1700 19297
1700 13215
1700 13111
1700 11199
1700 12580
1700 13451
1700 18715
1700 13688
1700 15462
1700 12903
1700 14581
1700 14064
1700 19478
1700 17115
1700 13060
1750 15611
1750 14581
1750 13895
1750 14062
1750 14400
1750 17495
1750 13044
1750 15326
1750 18948
1750 13299
1750 15640
1750 15708
1750 17211
1750 15839
1750 16325
1750 14400
1750 21383
1750 15652
1750 17458
1750 16499
1750 17951
1750 15810
1750 13557
1750 11403
1750 19933
1750 16135
1750 13472
1750 16009
1750 14549
1750 15630
1750 15130
1750 14757
1750 13964
1750 13241
1750 12729
1750 15351
1750 16823
1750 12856
1750 12728
1750 13117
1750 19045
1750 17833
1750 15960
1750 16240
1750 16432
1750 13416
1750 20208
1750 18545
1750 14969
1750 18978
1800 16132
1800 15161
1800 26992
1800 22295
1800 15114
1800 14481
1800 17131
1800 15745
1800 21226
1800 15353
1800 15086
1800 17522
1800 20885
1800 13562
1800 17113
1800 14984
1800 17153
1800 14926
1800 19382
1800 16695
1800 15277
1800 16443
1800 15309
1800 16774
1800 23451
1800 23650
1800 19565
1800 14647
1800 17876
1800 17896
1800 17681
1800 16161
1800 15090
1800 17172
1800 18242
1800 20272
1800 17360
1800 16145
1800 15307
1800 15000
1800 16345
1800 23491
1800 14467
1800 13616
1800 14042
1800 14372
1800 18054
1800 26948
1800 16928
1800 18189
1850 20492
1850 18466
1850 18306
1850 20971
1850 19767
1850 17939
1850 17716
1850 19535
1850 16996
1850 15651
1850 22215
1850 17245
1850 20037
1850 18299
1850 15780
1850 15603
1850 15722
1850 19038
1850 16275
1850 16759
1850 16866
1850 14557
1850 19136
1850 20032
1850 22436
1850 14816
1850 15874
1850 20449
1850 18737
1850 13806
1850 13273
1850 14644
1850 15501
1850 14784
1850 14925
1850 19206
1850 16638
1850 16937
1850 16326
1850 15702
1850 19059
1850 15686
1850 14882
1850 14141
1850 16358
1850 20036
1850 19107
1850 21345
1850 16039
1850 19103
1900 16484
1900 19210
1900 18219
1900 14628
1900 14730
1900 14608
1900 15954
1900 17162
1900 13436
1900 16684
1900 17130
1900 18977
1900 15237
1900 16709
1900 20649
1900 23253
1900 14657
1900 17129
1900 17991
1900 19004
1900 16285
1900 16569
1900 16897
1900 15144
1900 18842
1900 20456
1900 17757
1900 16720
1900 15339
1900 18912
1900 20922
1900 20163
1900 17103
1900 17178
1900 19003
1900 15802
1900 18667
1900 17129
1900 17187
1900 18876
1900 18955
1900 15579
1900 20080
1900 13874
1900 18742
1900 15105
1900 18121
1900 15816
1900 15245
1900 15717
1950 17521
1950 18298
1950 16833
1950 17371
1950 18855
1950 17435
1950 16427
1950 16795
1950 23950
1950 15061
1950 16262
1950 18122
1950 20567
1950 15560
1950 17129
1950 16554
1950 16493
1950 17401
1950 20432
1950 15059
1950 15217
1950 21305
1950 26913
1950 17458
1950 20900
1950 14873
1950 14241
1950 13649
1950 15997
1950 15733
1950 20140
1950 20509
1950 15031
1950 23961
1950 17646
1950 27473
1950 19102
1950 20834
1950 16629
1950 17588
1950 20264
1950 20645
1950 23791
1950 13642
1950 21052
1950 19546
1950 17019
1950 15320
1950 21033
1950 15653
2000 18369
2000 24997
2000 17047
2000 29023
2000 19099
2000 31715
2000 24365
2000 25727
2000 14153
2000 21544
2000 18950
2000 22356
2000 18173
2000 19731
2000 18950
2000 19392
2000 15962
2000 18570
2000 20312
2000 23301
2000 18260
2000 23322
2000 21030
2000 20222
2000 18338
2000 16955
2000 19119
2000 22389
2000 19379
2000 25094
2000 23929
2000 22428
2000 14740
2000 18091
2000 17993
2000 19145
2000 19729
2000 20299
2000 18401
2000 17317
2000 22255
2000 18396
2000 19523
2000 17656
2000 18525
2000 16543
2000 19095
2000 16986
2000 18120
2000 17042
