100 447
100 494
100 791
100 551
100 359
100 567
100 417
100 547
100 508
100 628
100 444
100 493
100 563
100 567
100 492
100 724
100 655
100 422
100 422
100 406
100 454
100 473
100 404
100 428
100 622
100 563
100 442
100 376
100 514
100 445
100 495
100 739
100 419
100 516
100 654
100 495
100 605
100 608
100 362
100 276
100 524
100 735
100 436
100 679
100 479
100 537
100 469
100 618
100 493
100 395
150 541
150 862
150 784
150 886
150 709
150 727
150 702
150 1027
150 675
150 603
150 858
150 592
150 594
150 576
150 833
150 951
150 756
150 631
150 1039
150 677
150 900
150 789
150 699
150 600
150 813
150 783
150 683
150 1095
150 929
150 779
150 1046
150 911
150 754
150 1157
150 793
150 1191
150 599
150 617
150 742
150 605
150 552
150 699
150 662
150 866
150 648
150 1145
150 606
150 613
150 744
150 619
200 1092
200 1513
200 1032
200 1262
200 1195
200 1210
200 1706
200 1188
200 1357
200 1063
200 1272
200 1138
200 1395
200 1042
200 867
200 1137
200 673
200 1272
200 1290
200 1155
200 960
200 1321
200 1136
200 836
200 1191
200 997
200 1153
200 797
200 1636
200 1240
200 2259
200 739
200 1696
200 1062
200 1633
200 2201
200 1407
200 1268
200 1279
200 1217
200 1129
200 995
200 1370
200 1065
200 1057
200 1136
200 1093
200 1373
200 824
200 1041
250 1807
250 1709
250 1821
250 1641
250 1884
250 1842
250 1709
250 2437
250 2033
250 1038
250 2562
250 2034
250 1776
250 1474
250 2704
250 2112
250 1339
250 1882
250 1487
250 1203
250 1912
250 1460
250 1904
250 2359
250 1667
250 1737
250 1070
250 1474
250 1443
250 1526
250 2034
250 1646
250 1457
250 1653
250 1800
250 1686
250 1433
250 1733
250 1834
250 1111
250 1533
250 1417
250 1821
250 2061
250 1554
250 2037
250 1332
250 1470
250 1383
250 1322
300 2001
300 2512
300 2492
300 1747
300 1719
300 2370
300 2114
300 2806
300 2658
300 2043
300 2649
300 2289
300 2974
300 2568
300 2564
300 2193
300 2155
300 1917
300 2044
300 1803
300 1571
300 1766
300 1747
300 1654
300 1731
300 2218
300 1409
300 1800
300 2002
300 2257
300 1590
300 2206
300 2593
300 1832
300 1968
300 1773
300 2422
300 2228
300 1812
300 2376
300 2952
300 2643
300 2518
300 2209
300 2302
300 2830
300 2231
300 2388
300 1732
300 1996
350 1894
350 1742
350 1773
350 2557
350 3010
350 2797
350 2355
350 2574
350 2308
350 2615
350 3021
350 2024
350 4289
350 2293
350 1889
350 2961
350 2556
350 2095
350 2065
350 3881
350 2635
350 3764
350 2119
350 2096
350 2765
350 1898
350 4156
350 2767
350 2165
350 3110
350 2204
350 3048
350 3445
350 3214
350 2442
350 3202
350 3057
350 2719
350 2488
350 3608
350 2749
350 2928
350 2572
350 2527
350 2706
350 1988
350 2305
350 2171
350 1716
350 1900
400 2859
400 2219
400 3357
400 2527
400 3127
400 3111
400 2837
400 3422
400 2679
400 2637
400 2712
400 4884
400 2528
400 2913
400 3185
400 3880
400 3326
400 2687
400 3165
400 2619
400 2546
400 2883
400 2621
400 3046
400 2685
400 3353
400 2717
400 4223
400 3442
400 3334
400 2467
400 3815
400 3862
400 2326
400 4101
400 2707
400 2308
400 3045
400 2951
400 2604
400 2504
400 4085
400 2511
400 2556
400 3574
400 4049
400 2817
400 2477
400 2343
400 2294
450 3120
450 3214
450 2722
450 2540
450 4013
450 3188
450 3521
450 2450
450 3350
450 3047
450 4499
450 3430
450 3365
450 3857
450 3458
450 2684
450 2911
450 3103
450 3348
450 3068
450 3567
450 3030
450 3991
450 2963
450 3509
450 3321
450 3431
450 3803
450 3274
450 3028
450 3078
450 4527
450 3906
450 2707
450 3486
450 3546
450 3459
450 2454
450 2306
450 2175
450 4016
450 3387
450 2572
450 2751
450 2660
450 2887
450 3257
450 4388
450 3233
450 3935
500 3546
500 3256
500 3122
500 3399
500 4483
500 3690
500 4248
500 6256
500 2676
500 4448
500 3264
500 4007
500 3328
500 3791
500 4159
500 3604
500 4906
500 5541
500 3872
500 4008
500 3785
500 3268
500 4700
500 5038
500 4200
500 3173
500 2791
500 4263
500 3779
500 3676
500 2828
500 3227
500 3828
500 3353
500 3163
500 3131
500 2920
500 3139
500 4027
500 4093
500 5569
500 3769
500 3154
500 5286
500 3178
500 4330
500 4125
500 3900
500 3509
500 3577
550 4743
550 4774
550 3645
550 4570
550 6664
550 3549
550 3413
550 4139
550 4044
550 3733
550 5074
550 5038
550 4467
550 5514
550 4038
550 4423
550 3297
550 4109
550 5243
550 5612
550 3237
550 5216
550 3880
550 4133
550 5271
550 4429
550 4534
550 5154
550 4675
550 2879
550 6521
550 4929
550 5781
550 5535
550 5843
550 5324
550 3145
550 3866
550 3837
550 4193
550 4425
550 4014
550 4086
550 3572
550 4481
550 4085
550 3957
550 4480
550 5485
550 4800
600 4853
600 4481
600 5429
600 4241
600 4893
600 4530
600 5074
600 4505
600 5352
600 4317
600 4830
600 4009
600 5160
600 3869
600 4604
600 4364
600 6456
600 3826
600 4958
600 4864
600 4229
600 4768
600 5904
600 4918
600 4263
600 3952
600 6217
600 4201
600 3177
600 3667
600 3996
600 3924
600 3936
600 4915
600 6353
600 5540
600 3401
600 5778
600 3984
600 5680
600 3950
600 4962
600 4427
600 4171
600 4153
600 4260
600 4838
600 4192
600 4828
600 5649
650 4838
650 4830
650 5071
650 6525
650 5375
650 6217
650 3889
650 3963
650 5360
650 5001
650 4501
650 4341
650 4302
650 4610
650 4054
650 6112
650 4154
650 4575
650 5065
650 6700
650 4011
650 5403
650 4438
650 5098
650 4369
650 4886
650 5100
650 5172
650 4711
650 5873
650 5550
650 4932
650 6345
650 5161
650 4798
650 5354
650 5325
650 7802
650 6309
650 5112
650 4160
650 4457
650 4582
650 6832
650 4102
650 5718
650 4967
650 6399
650 4037
650 6143
700 6100
700 5116
700 4640
700 5627
700 5698
700 5515
700 4727
700 6744
700 5685
700 5486
700 9624
700 5009
700 5413
700 5915
700 5161
700 6664
700 5663
700 4963
700 5312
700 4186
700 5316
700 7616
700 8384
700 8240
700 6089
700 7567
700 4574
700 9001
700 5240
700 5341
700 4684
700 7398
700 10013
700 6292
700 4457
700 5913
700 7458
700 5623
700 5375
700 5282
700 4601
700 5733
700 7627
700 3917
700 6750
700 6868
700 5951
700 5209
700 6110
700 5249
750 8220
750 5868
750 6896
750 5393
750 7195
750 6839
750 5114
750 4520
750 6549
750 6705
750 4838
750 6110
750 6920
750 5486
750 6974
750 10845
750 8050
750 4970
750 5900
750 5557
750 8238
750 4965
750 5633
750 6175
750 7548
750 5637
750 7336
750 6721
750 5288
750 4945
750 6493
750 6517
750 6660
750 5399
750 9699
750 7051
750 6636
750 5787
750 6850
750 9995
750 5287
750 4786
750 6859
750 5329
750 6765
750 5129
750 5494
750 4662
750 5775
750 5933
800 8516
800 5871
800 5893
800 5465
800 7437
800 11353
800 5755
800 6341
800 7635
800 6441
800 5342
800 6880
800 7774
800 5713
800 5570
800 6156
800 6371
800 5127
800 4970
800 6496
800 5681
800 5663
800 5790
800 5930
800 6174
800 7753
800 6166
800 7022
800 11100
800 6122
800 5356
800 4419
800 8539
800 7520
800 9213
800 5814
800 8276
800 11405
800 6042
800 5703
800 5995
800 6058
800 10221
800 6291
800 7863
800 5909
800 6082
800 5935
800 5872
800 6889
850 6471
850 5685
850 6008
850 7718
850 6272
850 6006
850 5649
850 4948
850 7046
850 6512
850 6230
850 5384
850 5429
850 6477
850 7732
850 6184
850 7191
850 7010
850 7482
850 7430
850 6707
850 9133
850 8531
850 5919
850 6102
850 10308
850 5805
850 5870
850 6690
850 5773
850 6167
850 5882
850 5516
850 6900
850 5701
850 6918
850 6352
850 8486
850 7057
850 6772
850 5516
850 4901
850 8644
850 6022
850 6937
850 6983
850 7479
850 7651
850 7384
850 5303
900 6616
900 8396
900 7262
900 5834
900 5546
900 8022
900 6091
900 8688
900 8347
900 8303
900 7510
900 8144
900 6818
900 5594
900 6120
900 10418
900 7305
900 7913
900 6092
900 7503
900 8416
900 8840
900 7105
900 8489
900 10125
900 6223
900 7881
900 7015
900 11213
900 6461
900 7461
900 7576
900 11178
900 7071
900 7410
900 7325
900 6419
900 8791
900 7023
900 6409
900 6250
900 6043
900 7405
900 5889
900 6654
900 10899
900 7723
900 8311
900 8501
900 7710
950 10513
950 8952
950 7187
950 8423
950 6596
950 8883
950 7748
950 8848
950 8958
950 7498
950 6322
950 7391
950 6398
950 9309
950 11400
950 6893
950 7482
950 7130
950 5954
950 8375
950 7079
950 7012
950 7669
950 8759
950 8549
950 11056
950 10421
950 7536
950 6364
950 14034
950 9374
950 7441
950 5862
950 8526
950 10810
950 10836
950 11144
950 10005
950 13982
950 10745
950 7983
950 7695
950 7894
950 9151
950 8258
950 9554
950 7523
950 8510
950 9092
950 8502
1000 8619
1000 8064
1000 7671
1000 9237
1000 6689
1000 8970
1000 8364
1000 8050
1000 9804
1000 10418
1000 9472
1000 7427
1000 7616
1000 9857
1000 7067
1000 9306
1000 6645
1000 7075
1000 10005
1000 8242
1000 6944
1000 9485
1000 9699
1000 8569
1000 8667
1000 7525
1000 8065
1000 10467
1000 7448
1000 11521
1000 10516
1000 6673
1000 7427
1000 8104
1000 8953
1000 8350
1000 7625
1000 9413
1000 11068
1000 11051
1000 7726
1000 8498
1000 10070
1000 7964
1000 7606
1000 9644
1000 11144
1000 8629
1000 11434
1000 6541
1050 7589
1050 11443
1050 9769
1050 9254
1050 7416
1050 9478
1050 14123
1050 10361
1050 9372
1050 11080
1050 8934
1050 12023
1050 11215
1050 9737
1050 7783
1050 10335
1050 8730
1050 10182
1050 7918
1050 9196
1050 8619
1050 9260
1050 6897
1050 6502
1050 9720
1050 8646
1050 6185
1050 10105
1050 11384
1050 7810
1050 8427
1050 8294
1050 9060
1050 11696
1050 8116
1050 7618
1050 9526
1050 7855
1050 7666
1050 8029
1050 10230
1050 8985
1050 8008
1050 10262
1050 8487
1050 9439
1050 8137
1050 7059
1050 7792
1050 6777
1100 7972
1100 8988
1100 7915
1100 8204
1100 9524
1100 10737
1100 9145
1100 8650
1100 7551
1100 7492
1100 11385
1100 9068
1100 9871
1100 7595
1100 9096
1100 9238
1100 8255
1100 10577
1100 8874
1100 9943
1100 8834
1100 7242
1100 8181
1100 9816
1100 10332
1100 9840
1100 11197
1100 10559
1100 10404
1100 9523
1100 9108
1100 11496
1100 10371
1100 8659
1100 10369
1100 11286
1100 11058
1100 9309
1100 6331
1100 7741
1100 11923
1100 7254
1100 9481
1100 8701
1100 8000
1100 10796
1100 7225
1100 7563
1100 11274
1100 7358
1150 13139
1150 10410
1150 8820
1150 8476
1150 11097
1150 10194
1150 10448
1150 10346
1150 8905
1150 8177
1150 9837
1150 7959
1150 8477
1150 10811
1150 7790
1150 8474
1150 10896
1150 11235
1150 12285
1150 8579
1150 9464
1150 7200
1150 9311
1150 8548
1150 10764
1150 11151
1150 10870
1150 9117
1150 8080
1150 11664
1150 14976
1150 8701
1150 10717
1150 8897
1150 12512
1150 9722
1150 9590
1150 10359
1150 13081
1150 8228
1150 8643
1150 9073
1150 8906
1150 8307
1150 8839
1150 10640
1150 15151
1150 10389
1150 8409
1150 10633
1200 12004
1200 12259
1200 14069
1200 10900
1200 10451
1200 11099
1200 11716
1200 11901
1200 10465
1200 10464
1200 8758
1200 9474
1200 12026
1200 10151
1200 13942
1200 9086
1200 10158
1200 8976
1200 10717
1200 10347
1200 8478
1200 10771
1200 9640
1200 7729
1200 11743
1200 9882
1200 12384
1200 10235
1200 9719
1200 9028
1200 9704
1200 11687
1200 10907
1200 13257
1200 11148
1200 9225
1200 10349
1200 9898
1200 8636
1200 10775
1200 13536
1200 9557
1200 9154
1200 12482
1200 9736
1200 10119
1200 8185
1200 12744
1200 11702
1200 9390
1250 9985
1250 9652
1250 13765
1250 9895
1250 10264
1250 9636
1250 10236
1250 10110
1250 10139
1250 9373
1250 8650
1250 10049
1250 12075
1250 11124
1250 9223
1250 14682
1250 12720
1250 9870
1250 11924
1250 10473
1250 10309
1250 10976
1250 10787
1250 10184
1250 9874
1250 14679
1250 11905
1250 9019
1250 10837
1250 10202
1250 13675
1250 8532
1250 10076
1250 10915
1250 12415
1250 16668
1250 11798
1250 9668
1250 10388
1250 13403
1250 11706
1250 10171
1250 10840
1250 11494
1250 9289
1250 12133
1250 9316
1250 12200
1250 10463
1250 9292
1300 9013
1300 11020
1300 9361
1300 12629
1300 10489
1300 16230
1300 11447
1300 10611
1300 9887
1300 15131
1300 11112
1300 17677
1300 14306
1300 10611
1300 13198
1300 15637
1300 10516
1300 11114
1300 14031
1300 11162
1300 9781
1300 10224
1300 10288
1300 12252
1300 11695
1300 11754
1300 8485
1300 16526
1300 9351
1300 9594
1300 10000
1300 14865
1300 12514
1300 10396
1300 12042
1300 12668
1300 12647
1300 16189
1300 11554
1300 12177
1300 12144
1300 13631
1300 10604
1300 12010
1300 10340
1300 10557
1300 10490
1300 9511
1300 13668
1300 11113
1350 12407
1350 11848
1350 9232
1350 13564
1350 12541
1350 10962
1350 12119
1350 9355
1350 10946
1350 9663
1350 15928
1350 12353
1350 12863
1350 12271
1350 14072
1350 11301
1350 8723
1350 11906
1350 12169
1350 10342
1350 12110
1350 11136
1350 11733
1350 10234
1350 12663
1350 11202
1350 10863
1350 11915
1350 12934
1350 10209
1350 11612
1350 9417
1350 12275
1350 9598
1350 13143
1350 11121
1350 12479
1350 13303
1350 12487
1350 12280
1350 13659
1350 11181
1350 8492
1350 13904
1350 13693
1350 12862
1350 10771
1350 10031
1350 13156
1350 11859
1400 9557
1400 12354
1400 13554
1400 13660
1400 10599
1400 10742
1400 12136
1400 14266
1400 13094
1400 16057
1400 13984
1400 12182
1400 10395
1400 12484
1400 10394
1400 12174
1400 11090
1400 11555
1400 12567
1400 11500
1400 10095
1400 13277
1400 17735
1400 12363
1400 12058
1400 11514
1400 10689
1400 11638
1400 10333
1400 14920
1400 10562
1400 14838
1400 16603
1400 14300
1400 11190
1400 15723
1400 16148
1400 10924
1400 12051
1400 16713
1400 12016
1400 16914
1400 14928
1400 12652
1400 15610
1400 19513
1400 12077
1400 10561
1400 12954
1400 10748
1450 12310
1450 9219
1450 12434
1450 10957
1450 12385
1450 11858
1450 10659
1450 12547
1450 10559
1450 11629
1450 14639
1450 11219
1450 12267
1450 12821
1450 10042
1450 16804
1450 13462
1450 12849
1450 13708
1450 11403
1450 15161
1450 10865
1450 18702
1450 12975
1450 11258
1450 15800
1450 11321
1450 16854
1450 12543
1450 14190
1450 11487
1450 14688
1450 11018
1450 15703
1450 13466
1450 11563
1450 14589
1450 11436
1450 10004
1450 11566
1450 11903
1450 12054
1450 11724
1450 11674
1450 12824
1450 9881
1450 11138
1450 12819
1450 14618
1450 12491
1500 10721
1500 12773
1500 12670
1500 13168
1500 10347
1500 14487
1500 15116
1500 14976
1500 13642
1500 14437
1500 16546
1500 15196
1500 14724
1500 13030
1500 17968
1500 12576
1500 10614
1500 16095
1500 14997
1500 12825
1500 16312
1500 15936
1500 15648
1500 12941
1500 11758
1500 12071
1500 11133
1500 13114
1500 16404
1500 15106
1500 13450
1500 14942
1500 11987
1500 13357
1500 12629
1500 14174
1500 12499
1500 15186
1500 19160
1500 13728
1500 12454
1500 13178
1500 9522
1500 11650
1500 11473
1500 12849
1500 14194
1500 13621
1500 12372
1500 11577
1550 14226
1550 19619
1550 15126
1550 15260
1550 15188
1550 15240
1550 15859
1550 14362
1550 12512
1550 13048
1550 13275
1550 12628
1550 12117
1550 13875
1550 14783
1550 13951
1550 13594
1550 9656
1550 12848
1550 11653
1550 13493
1550 14488
1550 12494
1550 13957
1550 17592
1550 16963
1550 14850
1550 13385
1550 16419
1550 18332
1550 13223
1550 13271
1550 14075
1550 14532
1550 13415
1550 12688
1550 15073
1550 16050
1550 12809
1550 15253
1550 15425
1550 17271
1550 13362
1550 14203
1550 13834
1550 10217
1550 20041
1550 12585
1550 10906
1550 12611
1600 12384
1600 12218
1600 14284
1600 16172
1600 14654
1600 13289
1600 11533
1600 15473
1600 11619
1600 11628
1600 16954
1600 12661
1600 17087
1600 14336
1600 13856
1600 13396
1600 11575
1600 12261
1600 11090
1600 13485
1600 15603
1600 20897
1600 15652
1600 17204
1600 13047
1600 17682
1600 17282
1600 14898
1600 12317
1600 13314
1600 10732
1600 13939
1600 11785
1600 11059
1600 15863
1600 14028
1600 13802
1600 11733
1600 12433
1600 14048
1600 12304
1600 12318
1600 15806
1600 11937
1600 13535
1600 15349
1600 15265
1600 13665
1600 12338
1600 12589
1650 13667
1650 17781
1650 13639
1650 16817
1650 16077
1650 12342
1650 15326
1650 12679
1650 16191
1650 16370
1650 12402
1650 17862
1650 12716
1650 14558
1650 14919
1650 17070
1650 16196
1650 12238
1650 17771
1650 12917
1650 12305
1650 15390
1650 16085
1650 14054
1650 13768
1650 13555
1650 14240
1650 15686
1650 13830
1650 15459
1650 12586
1650 14192
1650 13527
1650 15505
1650 13777
1650 12925
1650 17399
1650 19083
1650 17904
1650 13523
1650 17425
1650 13301
1650 14539
1650 16421
1650 13880
1650 14814
1650 16130
1650 16864
1650 13875
1650 12766
1700 12818
1700 11664
1700 18427
1700 17811
1700 14759
1700 13172
1700 16239
1700 15621
1700 12224
1700 17031
1700 13115
1700 14634
1700 14945
1700 12778
1700 14014
1700 12760
1700 16476
1700 14306
1700 14255
1700 16911
1700 14772
1700 15463
1700 19148
1700 17866
1700 11949
1700 17857
1700 19812
1700 20315
1700 17313
1700 14428
1700 12100
1700 14110
1700 15228
1700 14677
1700 12162
1700 13788
1700 22807
1700 17050
1700 20202
1700 11617
1700 16149
1700 13348
1700 19163
1700 12432
1700 14368
1700 12591
1700 14269
1700 13853
1700 13381
1700 21026
1750 12459
1750 14995
1750 15109
1750 14998
1750 19801
1750 14163
1750 13805
1750 13682
1750 13990
1750 17096
1750 12455
1750 14266
1750 17825
1750 13672
1750 16955
1750 16465
1750 14835
1750 17145
1750 13483
1750 16450
1750 14570
1750 18585
1750 15034
1750 14526
1750 15951
1750 13677
1750 16027
1750 14357
1750 13969
1750 12052
1750 15912
1750 17576
1750 20101
1750 16559
1750 14407
1750 15382
1750 20886
1750 13839
1750 14219
1750 22533
1750 15044
1750 13527
1750 21641
1750 13370
1750 19277
1750 12615
1750 15425
1750 11783
1750 13022
1750 15456
1800 14135
1800 14370
1800 16479
1800 14662
1800 16746
1800 14789
1800 18020
1800 17654
1800 15892
1800 17850
1800 23626
1800 18298
1800 17590
1800 17388
1800 14313
1800 13671
1800 15950
1800 16568
1800 17708
1800 14787
1800 11665
1800 16890
1800 14459
1800 16955
1800 17610
1800 14272
1800 15620
1800 18479
1800 14625
1800 14432
1800 18323
1800 16962
1800 17662
1800 17204
1800 15085
1800 22246
1800 16947
1800 19019
1800 15554
1800 17211
1800 16796
1800 12521
1800 13418
1800 19167
1800 19632
1800 17935
1800 18025
1800 16418
1800 14738
1800 14347
1850 16111
1850 20021
1850 17608
1850 15621
1850 16185
1850 16920
1850 18609
1850 19253
1850 20653
1850 18258
1850 18678
1850 22988
1850 16889
1850 16308
1850 18776
1850 18375
1850 18782
1850 23383
1850 17448
1850 18309
1850 16026
1850 17512
1850 14023
1850 18579
1850 18583
1850 19031
1850 14456
1850 20493
1850 17882
1850 13594
1850 18869
1850 16509
1850 13350
1850 13674
1850 17648
1850 15666
1850 15650
1850 18073
1850 21836
1850 16971
1850 13836
1850 23725
1850 16290
1850 19568
1850 12986
1850 14682
1850 17308
1850 16168
1850 12572
1850 18318
1900 14018
1900 14920
1900 19066
1900 18470
1900 25794
1900 18852
1900 14909
1900 19035
1900 19224
1900 16091
1900 17094
1900 18311
1900 19535
1900 15999
1900 17103
1900 23355
1900 20317
1900 22444
1900 24102
1900 18412
1900 17961
1900 18246
1900 18342
1900 13846
1900 18901
1900 15633
1900 16907
1900 19924
1900 16007
1900 18004
1900 15610
1900 19783
1900 22809
1900 15593
1900 27440
1900 20041
1900 21000
1900 19265
1900 15293
1900 15754
1900 18817
1900 17525
1900 25098
1900 15431
1900 19034
1900 22265
1900 21958
1900 19109
1900 15210
1900 15892
1950 17591
1950 20675
1950 19082
1950 16683
1950 16435
1950 15723
1950 14370
1950 15457
1950 26983
1950 17948
1950 16175
1950 25602
1950 13651
1950 17079
1950 18412
1950 18143
1950 17483
1950 14669
1950 22423
1950 15719
1950 18827
1950 15670
1950 18351
1950 16083
1950 13753
1950 19843
1950 15385
1950 19994
1950 15181
1950 18136
1950 15731
1950 17949
1950 19005
1950 15733
1950 18754
1950 17303
1950 19006
1950 26318
1950 17380
1950 28298
1950 19240
1950 17343
1950 25414
1950 18128
1950 17796
1950 18693
1950 19220
1950 14968
1950 20078
1950 26176
2000 16650
2000 17909
2000 17872
2000 24097
2000 17698
2000 17059
2000 22877
2000 22747
2000 19053
2000 16594
2000 17369
2000 16791
2000 17288
2000 15705
2000 20970
2000 17061
2000 15658
2000 13136
2000 19435
2000 17249
2000 18267
2000 17601
2000 22398
2000 18758
2000 17787
2000 17179
2000 17271
2000 17941
2000 19260
2000 18990
2000 18695
2000 16930
2000 18639
2000 25380
2000 17616
2000 16639
2000 17147
2000 17392
2000 24210
2000 16283
2000 17044
2000 17725
2000 17857
2000 17348
2000 24268
2000 20275
2000 15116
2000 16213
2000 14863
2000 16871
