100 350136
100 492426
100 79753
100 181201
100 64567
100 134844
100 19406
100 267994
100 428937
100 226046
100 333539
100 35264
100 166833
100 173147
100 19794
100 7766
100 16114
100 394774
100 231477
100 89026
100 42468
100 33807
100 85753
100 33623
100 242583
100 571740
100 235313
100 111323
100 23252
100 141004
100 157063
100 2538
100 388780
100 315700
100 78241
100 131955
100 190549
100 52390
100 144132
100 166506
100 93426
100 27382
100 77672
100 227652
100 192561
100 5420
100 294777
100 534780
100 163533
100 1784
150 179009
150 989067
150 127016
150 5895
150 72303
150 689265
150 197575
150 57155
150 356790
150 88905
150 266380
150 224822
150 932307
150 495175
150 695243
150 371961
150 548438
150 87895
150 1323215
150 266228
150 314632
150 445755
150 74902
150 709536
150 540435
150 459689
150 787706
150 184320
150 155530
150 815828
150 150702
150 625741
150 127441
150 506054
150 794774
150 748641
150 953083
150 153598
150 21888
150 396088
150 314344
150 993826
150 85214
150 185190
150 65501
150 46145
150 379151
150 448647
150 1287415
150 452894
200 1109392
200 1630187
200 790991
200 731232
200 520206
200 374997
200 521196
200 1275231
200 1272575
200 307660
200 2802346
200 1130418
200 570599
200 1013336
200 1144667
200 749219
200 59458
200 2113323
200 5191
200 675240
200 1461936
200 2064865
200 265583
200 461071
200 7069
200 2197645
200 918484
200 1201255
200 479506
200 1439042
200 399084
200 440490
200 665861
200 1601270
200 296633
200 272649
200 3157796
200 447439
200 1511550
200 474172
200 331585
200 3151852
200 988698
200 287765
200 391589
200 930060
200 3070572
200 173286
200 1403345
200 1163679
250 6277816
250 746966
250 5367811
250 353895
250 829271
250 195478
250 1715147
250 79351
250 1001026
250 964069
250 1474043
250 2603196
250 852183
250 1714199
250 2258111
250 590765
250 215572
250 1043555
250 1350780
250 119083
250 689344
250 2866161
250 1042285
250 1959291
250 6364831
250 696347
250 5422171
250 889411
250 80085
250 1581590
250 266654
250 6495812
250 1845388
250 3101927
250 1986370
250 653535
250 1386279
250 1006685
250 6251855
250 2952745
250 3702899
250 1897222
250 1338966
250 1279566
250 1164036
250 3641538
250 3086618
250 486639
250 463166
250 5014588
300 3232294
300 1037878
300 5484617
300 688253
300 391298
300 1862276
300 30369609
300 1341662
300 2401224
300 16459335
300 6220137
300 7017303
300 3844668
300 434590
300 14010275
300 2742591
300 2825866
300 2603060
300 1407213
300 4294572
300 3156256
300 298938
300 10854035
300 2702396
300 700653
300 10174474
300 6603478
300 5422737
300 1323329
300 6659792
300 1377692
300 6047554
300 5608722
300 4399938
300 853936
300 681150
300 6671473
300 473890
300 3814608
300 3617189
300 3332064
300 6797954
300 1981872
300 2511399
300 12252815
300 988988
300 7962926
300 15655770
300 465156
300 4019003
350 8718131
350 4402695
350 1318907
350 33027355
350 18863787
350 6376812
350 17327967
350 4748314
350 906387
350 11953496
350 7141449
350 10679963
350 8998683
350 2224333
350 2541242
350 1266299
350 552747
350 3175226
350 17530641
350 1999269
350 2581240
350 4857508
350 2414898
350 3909306
350 5192176
350 20745799
350 11805607
350 2612845
350 2966502
350 2822156
350 8144400
350 20341891
350 847917
350 13998812
350 501602
350 20686325
350 4868738
350 14681697
350 11101951
350 2050988
350 2094249
350 2835941
350 3024547
350 2096737
350 8531457
350 4773139
350 118692
350 969658
350 2249296
350 14175634
400 21903780
400 6551616
400 13622731
400 34496245
400 5800769
400 9181306
400 4122958
400 2676020
400 8093196
400 6698218
400 9744760
400 14984494
400 7074162
400 725661
400 7119721
400 17561933
400 13205684
400 6279041
400 11015982
400 1413087
400 16094079
400 5582819
400 5262087
400 2896233
400 1642914
400 8428619
400 1381640
400 14537844
400 3153488
400 3468573
400 49107843
400 45341
400 11847781
400 753149
400 8189267
400 5994380
400 1479314
400 10576700
400 5088240
400 1387431
400 13012351
400 49761141
400 734893
400 7832981
400 9231094
400 2812681
400 8083562
400 2288635
400 5679451
400 2715812
450 16718647
450 205418
450 11106455
450 1916759
450 14068671
450 24128788
450 35020612
450 1590581
450 20678662
450 3039917
450 10951165
450 6056729
450 16480720
450 51029368
450 5306040
450 11576301
450 7884388
450 9425507
450 3290750
450 9317749
450 8870350
450 11159511
450 8300389
450 13486602
450 7920706
450 14414593
450 1741727
450 2702978
450 33263072
450 71833
450 22735247
450 26416674
450 100661
450 7934745
450 24892522
450 3732760
450 31964334
450 8525302
450 22602027
450 12059756
450 10416719
450 15502665
450 1876725
450 8308537
450 17875085
450 15403106
450 17870528
450 7005559
450 21553504
450 16312062
500 16372824
500 5638125
500 427517
500 12012224
500 60958163
500 23000377
500 4598474
500 1821765
500 5981514
500 19586594
500 7101507
500 1673853
500 4192600
500 11431216
500 48558610
500 11286888
500 45310817
500 51382531
500 21196725
500 3379053
500 7046584
500 24968894
500 16863139
500 19150190
500 6839453
500 3385883
500 42133
500 3986074
500 61806441
500 24477864
500 20693588
500 10209656
500 6878068
500 14450827
500 1815727
500 21558581
500 6158507
500 19736956
500 10255636
500 2586298
500 4037357
500 59208130
500 40885513
500 11192312
500 1810556
500 1887990
500 5100005
500 45682120
500 24451533
500 2207439
550 15236205
550 350675
550 51220740
550 37194957
550 88538479
550 27715630
550 6925212
550 114020
550 35003315
550 9376226
550 16824203
550 9236139
550 21338146
550 11407458
550 36374273
550 14165715
550 7861253
550 34385654
550 10382289
550 6190430
550 6453497
550 65235199
550 47039739
550 65495941
550 28752831
550 4088395
550 17710687
550 50982442
550 289249
550 19229559
550 5384349
550 432631
550 2072209
550 939877
550 5762286
550 4917165
550 38952859
550 1051754
550 27934307
550 47845706
550 4438850
550 47352746
550 16611620
550 17416366
550 6678601
550 35252947
550 15601153
550 36572546
550 14993006
550 13218678
600 963760
600 57119430
600 70341904
600 4614861
600 121480225
600 1423957
600 9200696
600 34476618
600 47084455
600 22469198
600 10409787
600 13421370
600 77697377
600 37569053
600 4626709
600 25674998
600 11426626
600 37864595
600 11735387
600 1434929
600 80005712
600 6958724
600 9495414
600 28840182
600 1829468
600 14893132
600 123166794
600 43771995
600 5301510
600 17909374
600 19997056
600 74257259
600 23122349
600 5443007
600 4065040
600 13495223
600 30276015
600 4138272
600 9123065
600 64250186
600 51416502
600 14024789
600 911967
600 7269904
600 22564947
600 2498119
600 33274042
600 8277013
600 98704067
600 46893552
650 22348210
650 66246561
650 17960143
650 82837291
650 7847848
650 22885352
650 18704652
650 56251526
650 18477304
650 129667104
650 3561628
650 81745428
650 4498002
650 47138285
650 115007572
650 60127842
650 7799739
650 20505081
650 22634855
650 45397188
650 50624127
650 47973009
650 175665602
650 29778003
650 33467689
650 66915884
650 13962608
650 21333422
650 2479554
650 36333508
650 25645232
650 32462433
650 2506055
650 92142855
650 18844048
650 55896026
650 24825786
650 18920664
650 71491899
650 3402401
650 34429501
650 37828903
650 17232370
650 25223044
650 4974674
650 37208299
650 45153176
650 84885926
650 100262461
650 8141373
700 59041274
700 13478995
700 32603369
700 84554928
700 236267902
700 124875356
700 5626361
700 19354217
700 98324480
700 27313152
700 146655983
700 7728149
700 11400707
700 60328427
700 15500838
700 17660051
700 1108194
700 41256747
700 29373949
700 29551286
700 56987736
700 1777813
700 14030092
700 61783335
700 16661153
700 46587515
700 4804373
700 25978681
700 32032844
700 8288140
700 44029178
700 12938198
700 56196286
700 11938739
700 61469553
700 5284193
700 69318923
700 21938913
700 18629437
700 28352855
700 17195275
700 23761908
700 121902749
700 63810517
700 47271698
700 86428514
700 42465045
700 153903599
700 10952138
700 18576414
750 135042930
750 114724340
750 100110765
750 67975073
750 66435388
750 32158126
750 66712286
750 10411415
750 21951332
750 60508883
750 52235285
750 15946789
750 179933185
750 83326041
750 84959518
750 12368324
750 40453635
750 75165440
750 10789214
750 7442349
750 85089225
750 135935757
750 18936393
750 47394136
750 124006168
750 41593121
750 57462321
750 10744282
750 40479316
750 686762
750 190438447
750 23447562
750 181742193
750 90988403
750 158712073
750 147486774
750 33719555
750 46253076
750 200542279
750 69584513
750 30264023
750 58029590
750 82621174
750 12719241
750 204355348
750 16260727
750 187430581
750 89567184
750 77798770
750 138894689
800 220087573
800 45182023
800 111014621
800 7038991
800 70335617
800 275832297
800 125522311
800 7953380
800 77284356
800 10513209
800 139802913
800 14846311
800 60932803
800 54056601
800 119149891
800 8191969
800 188142994
800 32701446
800 129701279
800 134179671
800 306511257
800 72259970
800 14936918
800 487482
800 8628316
800 171341472
800 59427023
800 830172
800 267071495
800 6616714
800 48055038
800 41489840
800 30020859
800 70661250
800 10055095
800 56754642
800 243190333
800 24061800
800 213812235
800 24836571
800 198762472
800 6848551
800 131847634
800 22685581
800 289115405
800 5560461
800 129841167
800 76609745
800 114443173
800 42844265
850 10040216
850 17980274
850 54447513
850 75474553
850 47560986
850 137769928
850 93067406
850 118842555
850 94640967
850 45460844
850 43957085
850 149502240
850 103667436
850 218600892
850 46764705
850 59317797
850 528825975
850 252705100
850 846082
850 8131745
850 162596472
850 103990960
850 48640417
850 3183973
850 36784881
850 100541068
850 1621895
850 178947975
850 51473769
850 57673669
850 46104013
850 264017217
850 39338273
850 189782460
850 160591822
850 11757723
850 158473387
850 117470822
850 70327081
850 68208737
850 133328609
850 156580863
850 8060029
850 4566571
850 90208221
850 21943697
850 61489955
850 136294245
850 247937369
850 62633731
900 464956456
900 3689428
900 289817609
900 19969255
900 111861540
900 5558372
900 49708185
900 45589
900 112318851
900 39359603
900 106984939
900 162495070
900 144147757
900 64760363
900 71643354
900 54235546
900 12187117
900 22684273
900 236846821
900 409523970
900 115664133
900 33124100
900 33201157
900 710237
900 37650406
900 900854
900 112426550
900 50824264
900 19172548
900 104336706
900 16929641
900 34756154
900 106090265
900 50650818
900 179272320
900 6200171
900 199347070
900 56042498
900 223027770
900 24351909
900 128843273
900 162650624
900 19295902
900 37238190
900 152337073
900 59174778
900 53988794
900 282406546
900 301256928
900 67838435
950 159886860
950 144739696
950 51881197
950 86196808
950 221190732
950 106736064
950 18983376
950 97064293
950 198407006
950 11569826
950 9677467
950 148939973
950 116560181
950 70922648
950 223266568
950 243721535
950 118011774
950 150969899
950 14542523
950 3784133
950 134283886
950 145332166
950 10581083
950 75389497
950 127360155
950 388982752
950 25660009
950 74266637
950 231614889
950 168925864
950 45223988
950 212150319
950 242316471
950 83333287
950 122731305
950 322818790
950 91412131
950 2390186
950 33903164
950 180039182
950 15276604
950 14866430
950 131525639
950 27125434
950 116247092
950 78318718
950 118648060
950 78080992
950 47581282
950 38994142
1000 10059635
1000 67640138
1000 16766391
1000 110311961
1000 576091741
1000 110653073
1000 285213711
1000 314644410
1000 124633872
1000 68840671
1000 353495306
1000 102901755
1000 62091932
1000 77148268
1000 158030064
1000 374393858
1000 180677082
1000 424830360
1000 39835160
1000 171268552
1000 147241118
1000 319568642
1000 38038784
1000 87879658
1000 15285035
1000 255720599
1000 85828417
1000 18433224
1000 98637782
1000 58154777
1000 126135244
1000 137417442
1000 262277736
1000 49335079
1000 66372850
1000 9064345
1000 3567127
1000 103037657
1000 98305049
1000 195962478
1000 70752808
1000 23821353
1000 131867521
1000 23281906
1000 177691010
1000 331502288
1000 318802065
1000 451499355
1000 55627529
1000 5036821
1050 159183639
1050 253089695
1050 138863092
1050 168346859
1050 140918988
1050 315337241
1050 118048397
1050 184469504
1050 432830670
1050 85394524
1050 139796183
1050 21855972
1050 127804659
1050 68873205
1050 19607800
1050 102937777
1050 262012520
1050 17149489
1050 196456755
1050 100982175
1050 475795413
1050 184075928
1050 139604815
1050 190649789
1050 129984986
1050 250655310
1050 175846152
1050 88622733
1050 355567792
1050 143968979
1050 32844322
1050 1259409105
1050 507103591
1050 11944815
1050 429909643
1050 305859875
1050 32781180
1050 42240263
1050 182501552
1050 325647857
1050 686439790
1050 6778799
1050 147039242
1050 425917733
1050 3609003
1050 292918305
1050 699582371
1050 921228285
1050 149657433
1050 311741428
1100 153652616
1100 383832171
1100 66176119
1100 83567073
1100 171373655
1100 702272085
1100 136444694
1100 70969169
1100 245039655
1100 380324685
1100 202566619
1100 404584790
1100 8611671
1100 99365837
1100 253322191
1100 36931875
1100 57723636
1100 17043156
1100 912632490
1100 174897203
1100 388982496
1100 14174417
1100 5741652
1100 87379636
1100 718523460
1100 156617966
1100 23214716
1100 206268649
1100 137616062
1100 81914186
1100 29453050
1100 116544770
1100 198733783
1100 510850192
1100 156761123
1100 87377605
1100 19341171
1100 105934659
1100 12240314
1100 403678551
1100 86529458
1100 45263762
1100 476998997
1100 2529961
1100 13115682
1100 107090303
1100 114856441
1100 105602740
1100 783772644
1100 202524879
1150 378850350
1150 67327764
1150 181753029
1150 54301009
1150 43821208
1150 508518560
1150 373865428
1150 20581167
1150 2827739
1150 78280204
1150 56510500
1150 373927683
1150 1602154238
1150 684606113
1150 306717142
1150 30078844
1150 34403751
1150 384320567
1150 29217762
1150 40767393
1150 30367734
1150 299942506
1150 101275981
1150 98676053
1150 64068439
1150 93883088
1150 231901449
1150 15781548
1150 355586928
1150 45576912
1150 194111006
1150 97700974
1150 503687384
1150 72893909
1150 383740564
1150 253230950
1150 222515162
1150 3117538
1150 12167815
1150 43529270
1150 129930910
1150 157236160
1150 445085748
1150 43459345
1150 243079907
1150 264969679
1150 239359568
1150 145791003
1150 73020269
1150 138850251
1200 275314310
1200 72484185
1200 113537239
1200 354533147
1200 94961073
1200 6252591
1200 773459848
1200 103872987
1200 136396462
1200 231091051
1200 498289008
1200 335623612
1200 292490833
1200 156243369
1200 614937528
1200 42305436
1200 77308452
1200 171768004
1200 347614329
1200 141076177
1200 148520872
1200 33646900
1200 147670247
1200 355208557
1200 26873325
1200 13396546
1200 142259850
1200 154858486
1200 253746096
1200 740861915
1200 10835149
1200 643269021
1200 168829000
1200 591026444
1200 346456941
1200 482969579
1200 178075451
1200 3389846
1200 220548813
1200 1176267682
1200 476784019
1200 171070160
1200 2986559
1200 994806037
1200 567815017
1200 27773063
1200 206959358
1200 277438215
1200 508676631
1200 424623294
1250 52888429
1250 472325435
1250 204513043
1250 924627789
1250 219180500
1250 464645574
1250 327514957
1250 313774144
1250 285400868
1250 39485092
1250 140460624
1250 233194494
1250 30373046
1250 198303917
1250 208916975
1250 68213492
1250 40913208
1250 270937038
1250 76933595
1250 38558880
1250 753618051
1250 226346505
1250 773590995
1250 55998465
1250 39352816
1250 156849088
1250 174911004
1250 15620143
1250 440126493
1250 151394614
1250 214176216
1250 34093114
1250 72425694
1250 66750976
1250 473357969
1250 32646646
1250 374666839
1250 352177987
1250 91880497
1250 266713364
1250 573266479
1250 76045240
1250 42034258
1250 503509395
1250 153021902
1250 160517186
1250 94951818
1250 139129386
1250 429259303
1250 62122083
1300 111755311
1300 382154145
1300 528940173
1300 157163682
1300 232050881
1300 89280074
1300 284033819
1300 427560520
1300 50992812
1300 363003732
1300 747016527
1300 204419822
1300 279442040
1300 134886680
1300 22251230
1300 39499517
1300 136955643
1300 290625349
1300 280077816
1300 178475354
1300 333219770
1300 189809020
1300 221721740
1300 834344246
1300 163428846
1300 18447917
1300 419191297
1300 38148239
1300 280646454
1300 562646902
1300 301368399
1300 304084723
1300 282785675
1300 1068208237
1300 69821178
1300 526574918
1300 243575360
1300 267995500
1300 178279008
1300 48011577
1300 1001964105
1300 87463576
1300 82329056
1300 964685494
1300 197270617
1300 680853907
1300 231141655
1300 485623850
1300 1213646088
1300 36899287
1350 294707220
1350 618619971
1350 81129400
1350 48043549
1350 125370778
1350 232295278
1350 766179344
1350 19705091
1350 511805495
1350 697125651
1350 958211983
1350 740020711
1350 258287457
1350 70569260
1350 1158156063
1350 1060880026
1350 973868841
1350 239037764
1350 498097265
1350 930162001
1350 217251198
1350 191105235
1350 338729272
1350 63530578
1350 610524834
1350 796027682
1350 463350511
1350 60620010
1350 109269720
1350 423048239
1350 388701909
1350 635955608
1350 46865285
1350 516255545
1350 342802959
1350 514810813
1350 566421043
1350 1074916501
1350 1011502561
1350 141249493
1350 157038077
1350 43783779
1350 1351523013
1350 1544941763
1350 9832016
1350 208632017
1350 528858413
1350 55365898
1350 1108248874
1350 43340697
1400 347306318
1400 85005477
1400 22982093
1400 296452670
1400 145614772
1400 116596513
1400 61449689
1400 506449563
1400 311334467
1400 28602411
1400 925556526
1400 538323246
1400 1114332965
1400 32194931
1400 494808639
1400 446009353
1400 58103549
1400 524852494
1400 2216301
1400 1062146521
1400 181281198
1400 158114417
1400 54662692
1400 943020748
1400 26692869
1400 108582957
1400 396921368
1400 1030869771
1400 719137016
1400 571198237
1400 839937090
1400 131177508
1400 567746541
1400 193304050
1400 28909610
1400 1128424098
1400 158557843
1400 260992556
1400 735705171
1400 33547919
1400 527720999
1400 475485383
1400 689966611
1400 597344847
1400 506510049
1400 835417859
1400 505072947
1400 7999439
1400 705921232
1400 1396272378
1450 487148957
1450 452734311
1450 446366991
1450 16549991
1450 83224971
1450 224586629
1450 13892367
1450 2460639321
1450 902981505
1450 10555030
1450 152816933
1450 76105249
1450 131448995
1450 281680339
1450 196694688
1450 359700008
1450 616625968
1450 843026752
1450 292826023
1450 113803911
1450 168156700
1450 292208289
1450 228893172
1450 227885315
1450 512888540
1450 148711735
1450 869430323
1450 50405164
1450 403436826
1450 320949096
1450 443216867
1450 250069380
1450 440112448
1450 916557268
1450 25213223
1450 339516487
1450 277804913
1450 130127074
1450 76887029
1450 185533397
1450 15259912
1450 256364114
1450 1114467
1450 247105331
1450 489146699
1450 127144088
1450 22950743
1450 1983929247
1450 612052204
1450 327143463
1500 1086510434
1500 367898655
1500 555591346
1500 248858071
1500 1176063901
1500 365630890
1500 754691490
1500 2791689
1500 273374781
1500 861330162
1500 2218788
1500 707646128
1500 93252731
1500 51827998
1500 583945388
1500 421700604
1500 348121315
1500 1580124189
1500 60647777
1500 183355425
1500 990482857
1500 41856035
1500 297274390
1500 359005016
1500 411466288
1500 1528416
1500 23104189
1500 2158780778
1500 609661365
1500 1969983171
1500 213629139
1500 46645031
1500 189412249
1500 42654667
1500 952487095
1500 88895756
1500 611474503
1500 278828826
1500 611927816
1500 2488484649
1500 4462990
1500 864957192
1500 192427073
1500 1107736668
1500 438317613
1500 2650761301
1500 72291913
1500 153637520
1500 1155187970
1500 572700448
1550 772413591
1550 217654801
1550 270874313
1550 185888924
1550 653108293
1550 415740634
1550 16689545
1550 249841138
1550 583390235
1550 799366961
1550 239466468
1550 1019974868
1550 853714675
1550 211157938
1550 368581805
1550 593186386
1550 105319914
1550 385755224
1550 1143191481
1550 793535034
1550 583910577
1550 121966684
1550 201880766
1550 421510056
1550 345069619
1550 381964812
1550 246501951
1550 79391398
1550 749182027
1550 65825697
1550 453398540
1550 89309776
1550 105105064
1550 146061268
1550 516123913
1550 28493537
1550 45294709
1550 17097691
1550 178210495
1550 88340943
1550 956265978
1550 204737860
1550 35313056
1550 292555217
1550 167822470
1550 215711103
1550 2008750425
1550 1429042567
1550 2821622594
1550 55052011
1600 33597094
1600 366711437
1600 112114013
1600 154281053
1600 414412498
1600 7676577
1600 1425150930
1600 796094091
1600 818808612
1600 259560049
1600 1207506073
1600 1818576421
1600 406901205
1600 47166089
1600 149091268
1600 2254052658
1600 286295822
1600 106255976
1600 297173707
1600 127332499
1600 598130789
1600 175968608
1600 108702996
1600 1138281109
1600 339824385
1600 594836041
1600 95662185
1600 1182786309
1600 338810741
1600 786552940
1600 572606559
1600 1800209295
1600 73071683
1600 1869605891
1600 1339305347
1600 3335900
1600 289224846
1600 1409238307
1600 166260805
1600 79595668
1600 1261309221
1600 825513275
1600 143197563
1600 2339471830
1600 499595133
1600 261010431
1600 54166519
1600 334439994
1600 725762226
1600 412757939
1650 133965157
1650 2506360239
1650 949913178
1650 623647363
1650 722753047
1650 646397747
1650 15726131
1650 35370256
1650 107621586
1650 1345481949
1650 583783309
1650 444697930
1650 1062144611
1650 745342031
1650 1105429112
1650 455216152
1650 249141060
1650 15062180
1650 359215233
1650 808731934
1650 488428041
1650 2839897967
1650 114932376
1650 244222995
1650 398960584
1650 270975811
1650 764583123
1650 29696283
1650 40161993
1650 22047365
1650 2066096898
1650 366465011
1650 297905644
1650 41588556
1650 53483403
1650 469865380
1650 168560092
1650 77690334
1650 631617793
1650 1115826482
1650 535872744
1650 439273657
1650 414330293
1650 119323280
1650 136284523
1650 1236649641
1650 541175447
1650 367307900
1650 15876062
1650 1434316328
1700 80150870
1700 2359811063
1700 151509804
1700 493095675
1700 746871273
1700 484691045
1700 377047784
1700 122300771
1700 1137643571
1700 331548999
1700 3396468994
1700 230343295
1700 1237954701
1700 1618944589
1700 689859649
1700 738140808
1700 498215421
1700 45107126
1700 2643506956
1700 3106044723
1700 197642795
1700 335962195
1700 92567440
1700 3742473595
1700 979970311
1700 1218677105
1700 235715551
1700 138896668
1700 1169944594
1700 475403714
1700 1119882293
1700 235728198
1700 237585584
1700 361165473
1700 644281016
1700 1779821935
1700 713145618
1700 20959995
1700 290977445
1700 569903269
1700 1227333126
1700 1025625653
1700 1188125264
1700 18256189
1700 271734194
1700 194173187
1700 150528128
1700 63615988
1700 142816448
1700 771289757
1750 441925150
1750 1224991632
1750 3626180662
1750 424435380
1750 1080739880
1750 129582130
1750 365461320
1750 4080222361
1750 175089070
1750 875559276
1750 603301312
1750 81573357
1750 176731588
1750 1159131256
1750 554439225
1750 2243847307
1750 459994226
1750 93025940
1750 929868755
1750 589630426
1750 1934049232
1750 9031236
1750 169268223
1750 892090423
1750 1914793
1750 223018048
1750 284533944
1750 769841599
1750 86429818
1750 197122750
1750 731726964
1750 269288159
1750 3312160941
1750 4843640955
1750 42987910
1750 512815419
1750 68643799
1750 1627614545
1750 76334286
1750 169537066
1750 763320514
1750 1227903491
1750 185695127
1750 699250168
1750 1075767039
1750 1028248025
1750 128860648
1750 351863279
1750 1994172216
1750 60036838
1800 1002957114
1800 591664316
1800 1140998078
1800 483417647
1800 2130563551
1800 380978500
1800 1756738814
1800 43728114
1800 580326029
1800 162760614
1800 725265070
1800 47724754
1800 189734157
1800 529047702
1800 1687199352
1800 46417008
1800 47302518
1800 624699640
1800 276030976
1800 554384183
1800 430966847
1800 1792954843
1800 434234553
1800 448784477
1800 102224107
1800 2729819073
1800 5575354030
1800 238072616
1800 60188471
1800 723518692
1800 1280763164
1800 260249609
1800 1153488521
1800 170431498
1800 136394553
1800 565832468
1800 12766712
1800 322602865
1800 188439842
1800 485430926
1800 2676903465
1800 1161413540
1800 761461007
1800 1922234907
1800 528103603
1800 487741764
1800 3147831173
1800 2568436065
1800 2086606566
1800 212509855
1850 2006818265
1850 288198654
1850 695586257
1850 560011924
1850 625244243
1850 333615929
1850 285988691
1850 503894444
1850 880151026
1850 295857067
1850 52063266
1850 1559536422
1850 1805325457
1850 1547106852
1850 101715053
1850 1773140532
1850 3037202155
1850 299265167
1850 221269573
1850 416236690
1850 4861341608
1850 309733625
1850 43050228
1850 386058933
1850 1037235975
1850 2414428818
1850 151339014
1850 532085319
1850 563589087
1850 70592329
1850 802344042
1850 5813252386
1850 275246622
1850 518573321
1850 537553766
1850 1308870667
1850 791127233
1850 363555328
1850 1007093231
1850 298327659
1850 2160784089
1850 931009442
1850 481515014
1850 1542387864
1850 123231484
1850 1741716053
1850 59420094
1850 16299696
1850 219949181
1850 760151394
1900 145595447
1900 60617769
1900 2441827238
1900 621960667
1900 298622311
1900 2024686497
1900 117553534
1900 1045276691
1900 1714327703
1900 105134281
1900 425437629
1900 2264482146
1900 281955193
1900 1538120206
1900 877677546
1900 350570326
1900 198042078
1900 673236367
1900 645858481
1900 209638992
1900 81682974
1900 160556926
1900 635484367
1900 166124263
1900 795418299
1900 1602009910
1900 2741736611
1900 158398876
1900 4673832
1900 588732030
1900 323913693
1900 884974989
1900 1779745262
1900 1541270623
1900 1519289840
1900 486301500
1900 846883358
1900 640187761
1900 182941237
1900 1008103676
1900 4957606368
1900 1951282495
1900 386693869
1900 1239577461
1900 459667710
1900 582170523
1900 861275473
1900 3919053041
1900 218491239
1900 4478077525
1950 158995299
1950 670920319
1950 1067513677
1950 238186636
1950 1360099043
1950 960145674
1950 1874030919
1950 127364625
1950 565559835
1950 2640665215
1950 643409348
1950 662564375
1950 100886035
1950 1257211001
1950 1667360087
1950 1181336465
1950 1735780177
1950 370151521
1950 891754248
1950 1627324244
1950 1912714954
1950 4805356601
1950 524283609
1950 863625994
1950 465012286
1950 644261167
1950 244492220
1950 161659542
1950 323193857
1950 1108339902
1950 136475098
1950 516895474
1950 950568190
1950 359971759
1950 310129764
1950 2200222651
1950 11578127039
1950 654046441
1950 1233500681
1950 900753715
1950 831085602
1950 918936983
1950 398504452
1950 1151210263
1950 798002253
1950 158888218
1950 1320984497
1950 1088283865
1950 3947965865
1950 72650865
2000 1136004002
2000 998169346
2000 527331042
2000 2385439324
2000 13971669
2000 381344892
2000 1739124807
2000 563796764
2000 2214440846
2000 56581553
2000 1194643860
2000 2449313343
2000 340788950
2000 185925211
2000 832282472
2000 364212944
2000 334201177
2000 1062397268
2000 1179896767
2000 307562226
2000 507561243
2000 946666145
2000 205894542
2000 3058425701
2000 529938464
2000 1492435120
2000 831751897
2000 165941793
2000 4367740113
2000 421916738
2000 1118531146
2000 734590141
2000 1355230006
2000 641228778
2000 76915476
2000 601872449
2000 534852698
2000 552237745
2000 437739558
2000 1141495504
2000 634976624
2000 118810446
2000 1460472368
2000 2166034018
2000 813560851
2000 251631038
2000 581205742
2000 529300041
2000 153745838
2000 472594457
