100 56864
100 11748
100 9623
100 130646
100 91531
100 13427
100 89827
100 6320
100 24703
100 89684
100 31517
100 136926
100 5643
100 1783
100 90164
100 102396
100 70258
100 8668
100 57737
100 5101
100 52194
100 42378
100 42180
100 65778
100 26446
100 8853
100 14143
100 6209
100 1929
100 20922
100 12517
100 33022
100 23196
100 20335
100 19808
100 8305
100 4356
100 38789
100 35529
100 5505
100 39938
100 8202
100 3462
100 59444
100 101915
100 22227
100 15555
100 68959
100 2891
100 97692
150 43194
150 17483
150 15690
150 108402
150 73072
150 87214
150 21123
150 70019
150 129595
150 85426
150 103226
150 17283
150 86700
150 132188
150 78808
150 176902
150 5649
150 55688
150 58277
150 35849
150 6655
150 8536
150 62628
150 85752
150 240269
150 2967
150 3777
150 1186589
150 52449
150 87887
150 74032
150 71850
150 86772
150 72329
150 40817
150 82424
150 118026
150 40729
150 61335
150 77175
150 475088
150 28317
150 54994
150 47890
150 82892
150 62855
150 18155
150 49061
150 126790
150 24378
200 148519
200 219515
200 248950
200 144029
200 299661
200 104348
200 173964
200 40044
200 436391
200 138328
200 131413
200 236947
200 16796
200 230185
200 260928
200 268186
200 11389
200 203806
200 351173
200 164392
200 87796
200 68274
200 154665
200 174995
200 52528
200 661195
200 29511
200 268254
200 785803
200 16508
200 6772
200 106826
200 155739
200 119929
200 23215
200 87885
200 106228
200 197941
200 152080
200 70457
200 82389
200 10827
200 385201
200 436186
200 331826
200 11045
200 436597
200 13470
200 1770869
200 474951
250 159629
250 103158
250 235853
250 448160
250 192729
250 508794
250 2949393
250 308457
250 216933
250 148745
250 135919
250 65219
250 224975
250 301740
250 139892
250 41912
250 529543
250 111675
250 180113
250 4293509
250 20530
250 92793
250 312464
250 6500
250 513082
250 257945
250 224099
250 610542
250 223979
250 328839
250 205352
250 271573
250 303340
250 374090
250 380073
250 202883
250 289057
250 91970
250 233856
250 161428
250 100373
250 179660
250 153370
250 359897
250 334080
250 251141
250 231492
250 38522
250 293190
250 201728
300 1350449
300 3953
300 151568
300 753404
300 197539
300 800413
300 133368
300 223019
300 45818
300 206744
300 274076
300 179061
300 79275
300 626292
300 191116
300 1182484
300 147694
300 679734
300 11083
300 3635
300 994628
300 520289
300 13864
300 74505
300 250530
300 578497
300 800050
300 21523
300 950777
300 8524
300 342890
300 30716
300 851072
300 68800
300 447731
300 267386
300 109475
300 188011
300 132517
300 391896
300 783496
300 557856
300 887459
300 19565
300 96175
300 150136
300 1857785
300 455734
300 367197
300 844061
350 193476
350 6762
350 917227
350 1138911
350 1653668
350 1882934
350 164814
350 1231271
350 137386
350 1120976
350 776182
350 332845
350 1705397
350 126786
350 564439
350 337405
350 286093
350 340838
350 351086
350 1118743
350 1532541
350 1952853
350 188447
350 1042401
350 1078861
350 1463890
350 92451
350 1490387
350 354804
350 95778
350 58478
350 133060
350 105622
350 1106978
350 18375
350 877562
350 1261562
350 155613
350 235555
350 1567390
350 620583
350 721582
350 235287
350 399106
350 852592
350 879395
350 241490
350 118123
350 1234959
350 300051
400 166120
400 1561802
400 500564
400 213030
400 646903
400 990790
400 512093
400 5532995
400 580462
400 280373
400 882110
400 201317
400 594836
400 541720
400 409656
400 745140
400 20206
400 672825
400 292080
400 1160932
400 843765
400 423480
400 1477881
400 717804
400 129269
400 284553
400 323243
400 1075419
400 1273060
400 772362
400 1691032
400 315180
400 1250592
400 408411
400 1314974
400 341751
400 62425
400 1368416
400 1518689
400 244722
400 722728
400 192606
400 5627541
400 1164978
400 125452
400 490937
400 2130620
400 9327
400 408328
400 206892
450 1480451
450 1208306
450 1443390
450 357907
450 89204
450 317338
450 461823
450 1372309
450 897324
450 11458874
450 215211
450 1009038
450 1991555
450 1324672
450 876006
450 390431
450 86845
450 12958790
450 374865
450 371562
450 1159085
450 136979
450 1424552
450 2118944
450 40130
450 958455
450 231541
450 1729779
450 805427
450 1114581
450 884439
450 1814293
450 104663
450 1661518
450 148520
450 278600
450 27206
450 129781
450 1037059
450 312719
450 28210003
450 40795
450 1067211
450 1523679
450 1199901
450 1180180
450 463264
450 16068
450 17996
450 528780
500 3856436
500 752308
500 880154
500 3258813
500 26868397
500 8163711
500 1241245
500 608140
500 1963027
500 730653
500 2672111
500 602193
500 2583890
500 103854
500 1061860
500 2993064
500 313543
500 2568466
500 454993
500 1540454
500 2305828
500 44033
500 1366969
500 1196501
500 575584
500 276684
500 2702968
500 1948821
500 1716189
500 460200
500 595574
500 3865882
500 2053532
500 1244002
500 29041
500 158681
500 350444
500 2302977
500 2803119
500 17918
500 14157164
500 356862
500 42420
500 1204971
500 2320420
500 1843483
500 214358
500 1543750
500 1271888
500 283917
550 315861
550 262424
550 154468
550 3949939
550 357307
550 1126032
550 737929
550 260120
550 1495987
550 1667543
550 32955
550 1961802
550 1239759
550 402181
550 138922
550 1472353
550 840105
550 1504106
550 1430108
550 1264510
550 3458675
550 2860172
550 1939106
550 593636
550 2730815
550 610565
550 1099379
550 973921
550 325260
550 1768544
550 13792527
550 413996
550 736822
550 532326
550 514262
550 113364
550 1377680
550 2780699
550 1205979
550 2329072
550 1204658
550 107719
550 2405912
550 3240083
550 3054583
550 2586549
550 2635905
550 83274953
550 4905137
550 3678829
600 954520
600 1545875
600 1289340
600 103255
600 3312855
600 596901
600 3317400
600 209916
600 501615
600 755232
600 115261678
600 14524
600 2091863
600 108162
600 3167752
600 1061118
600 165592
600 14503
600 39914340
600 323757
600 3435633
600 2008567
600 3313005
600 2415668
600 2710827
600 41541
600 989911
600 220676
600 1120999
600 2444290
600 2246568
600 731922
600 175438917
600 769102
600 1410290
600 437953
600 779149
600 7991
600 1880107
600 227941
600 1491289
600 1110304
600 120507
600 189337
600 72775
600 313276
600 814462
600 3527599
600 988431
600 3646663
650 934666
650 330720
650 1672885
650 1426824
650 2464237
650 446053
650 4452926
650 425576
650 658625
650 2396593
650 5357386
650 12348746
650 676276
650 3205936
650 2425521
650 399931
650 138315363
650 4582583
650 652452
650 4548344
650 802616
650 3195276
650 42886
650 764800
650 43341
650 3127883
650 4921756
650 26047443
650 2884873
650 2619632
650 2240085
650 2210181
650 465417
650 4619936
650 4386119
650 1277154
650 402309
650 4677114
650 2602889
650 45418
650 2919935
650 463824
650 5575454
650 747094
650 175173
650 25255877
650 567657
650 3333981
650 4888140
650 408984
700 3272682
700 4523967
700 2426415
700 748312
700 601567
700 1822126
700 14378220
700 3810631
700 22102
700 187427
700 4311704
700 111572
700 3946948
700 319425
700 528175
700 4997918
700 1284002
700 1358524
700 2372740
700 1555399
700 17454247
700 21526805
700 564524
700 723654
700 2026348
700 694945
700 2369550
700 1218048
700 2162783
700 1952686
700 670152
700 804919
700 413678
700 1898008
700 775429
700 755362
700 2244900
700 937179
700 1963077
700 2874525
700 794675
700 118590724
700 702317
700 1174895
700 650325
700 1484140
700 3308762
700 705519
700 4178427
700 2091975
