100 7694
100 4118
100 13003
100 4426
100 17825
100 6311
100 16425
100 3690
100 2964
100 16093
100 15705
100 14680
100 7475
100 11007
100 19970
100 8610
100 3713
100 5618
100 17168
100 1977
100 8987
100 12857
100 5160
100 12917
100 4076
100 13996
100 7269
100 3224
100 6019
100 4058
100 12280
100 8174
100 4370
100 4682
100 6186
100 6096
100 4178
100 4892
100 12303
100 3166
100 3130
100 11115
100 7393
100 7041
100 7667
100 7947
100 8691
100 6867
100 8419
100 9265
150 24070
150 9259
150 6853
150 9201
150 7427
150 13387
150 24332
150 22788
150 22072
150 23124
150 22500
150 12275
150 30632
150 6099
150 10894
150 26077
150 32078
150 32328
150 17914
150 15971
150 16593
150 15366
150 23562
150 31061
150 86119
150 16914
150 11088
150 30313
150 34677
150 19827
150 36279
150 16388
150 53372
150 39869
150 32815
150 24466
150 5371
150 5777
150 21891
150 11530
150 33686
150 15949
150 26071
150 74383
150 45851
150 48897
150 44085
150 46799
150 14055
150 47921
200 36119
200 18401
200 33915
200 63370
200 59142
200 33467
200 32209
200 33033
200 58804
200 80580
200 40912
200 23418
200 18949
200 51642
200 12419
200 26660
200 14734
200 33966
200 15924
200 7997
200 29564
200 15963
200 65580
200 28117
200 60086
200 30875
200 59020
200 65976
200 15169
200 14225
200 15281
200 20361
200 41371
200 55466
200 45453
200 25522
200 29314
200 24845
200 28126
200 25756
200 74754
200 40602
200 57938
200 48582
200 19282
200 33388
200 9065
200 34770
200 26956
200 15296
250 71369
250 58443
250 47301
250 111051
250 64287
250 88677
250 66683
250 50999
250 55105
250 55233
250 22296
250 66593
250 70665
250 48450
250 58217
250 43401
250 83282
250 31079
250 154956
250 143544
250 114798
250 113510
250 132874
250 62044
250 58942
250 61993
250 103075
250 23261
250 84865
250 61719
250 94714
250 22325
250 73212
250 37280
250 54132
250 47231
250 86071
250 96743
250 127052
250 16840
250 100815
250 124127
250 124048
250 91019
250 22664
250 97184
250 33637
250 38350
250 43296
250 68134
300 63569
300 27384
300 27576
300 84131
300 18458
300 20744
300 64501
300 34182
300 15610
300 88549
300 68065
300 48163
300 122772
300 28277
300 25223
300 36405
300 87690
300 75070
300 36273
300 28001
300 38405
300 36710
300 126916
300 74477
300 38664
300 55752
300 117398
300 40729
300 24737
300 67614
300 109998
300 48119
300 24879
300 34328
300 68341
300 62510
300 43223
300 59850
300 60686
300 138100
300 110908
300 37642
300 23417
300 87933
300 33660
300 75687
300 144780
300 117888
300 36270
300 31274
350 78343
350 60237
350 64833
350 62269
350 186611
350 114491
350 10732
350 98779
350 84485
350 97685
350 76213
350 114926
350 57225
350 143936
350 156870
350 153844
350 154385
350 43211
350 60711
350 202158
350 208963
350 42963
350 60027
350 153218
350 104778
350 97271
350 313978
350 73689
350 230457
350 49939
350 170062
350 176064
350 55859
350 117862
350 38788
350 299656
350 82920
350 189118
350 69599
350 44190
350 221803
350 70547
350 274968
350 63862
350 253999
350 223345
350 347882
350 46970
350 55365
350 264063
400 362035
400 50651
400 146643
400 358133
400 315313
400 63143
400 97283
400 131876
400 191879
400 46211
400 285739
400 141116
400 172772
400 513391
400 44667
400 66162
400 99998
400 49644
400 72648
400 87050
400 180574
400 109968
400 37197
400 98640
400 213418
400 81916
400 104782
400 168867
400 185312
400 50060
400 397753
400 369581
400 198548
400 72110
400 112874
400 85080
400 113702
400 87832
400 162140
400 123786
400 123815
400 138648
400 121412
400 36504
400 133766
400 91630
400 183372
400 112823
400 134934
400 62029
450 195943
450 79160
450 248704
450 557755
450 215059
450 169888
450 109947
450 138329
450 400118
450 110547
450 484693
450 58432
450 206900
450 36519
450 120959
450 87713
450 919949
450 131233
450 160841
450 175761
450 126690
450 503009
450 67215
450 73432
450 49544
450 465839
450 75747
450 317875
450 200513
450 689661
450 266655
450 154508
450 211068
450 146726
450 188768
450 263062
450 341910
450 110505
450 171233
450 254795
450 425547
450 131230
450 204570
450 206458
450 125750
450 93628
450 140882
450 145248
450 143240
450 180013
500 107976
500 167337
500 83174
500 92492
500 78806
500 79187
500 158675
500 193999
500 85236
500 83004
500 386862
500 347388
500 361222
500 254242
500 252933
500 510606
500 156749
500 470018
500 134302
500 74417
500 78319
500 218751
500 276389
500 229069
500 514926
500 532528
500 754390
500 80951
500 358362
500 467220
500 97105
500 237368
500 476732
500 140993
500 557892
500 120023
500 158310
500 140680
500 320866
500 206762
500 174006
500 130775
500 80588
500 244851
500 78926
500 74325
500 346318
500 368230
500 467522
500 67407
550 337702
550 422017
550 210325
550 167731
550 148511
550 352234
550 259707
550 1843418
550 194045
550 196051
550 205316
550 398201
550 421372
550 231519
550 328848
550 122283
550 174497
550 333454
550 280191
550 413724
550 796746
550 258410
550 373053
550 715590
550 61776
550 492809
550 174181
550 293232
550 1075638
550 243835
550 112381
550 583281
550 335683
550 285609
550 281710
550 76673
550 50142
550 385668
550 681226
550 297908
550 222412
550 473848
550 136420
550 749748
550 140700
550 96557
550 195814
550 175121
550 262418
550 391729
600 120620
600 131742
600 127174
600 187492
600 112760
600 204374
600 340532
600 182542
600 818596
600 107244
600 199738
600 373819
600 356877
600 81281
600 293074
600 126208
600 338425
600 460729
600 325801
600 111340
600 232600
600 120034
600 302481
600 169990
600 124146
600 141065
600 300935
600 319653
600 357145
600 325169
600 313887
600 265233
600 457939
600 388101
600 175536
600 257369
600 316903
600 400357
600 351921
600 410073
600 207594
600 327591
600 434399
600 363117
600 66140
600 367515
600 285881
600 214003
600 351837
600 391085
650 221375
650 915205
650 238599
650 695311
650 271967
650 145899
650 360222
650 704881
650 238291
650 293927
650 335721
650 78953
650 657516
650 310826
650 529617
650 132996
650 607585
650 360137
650 113985
650 229228
650 502826
650 349111
650 224750
650 172888
650 408658
650 167919
650 189469
650 415116
650 345573
650 151276
650 555203
650 858375
650 819705
650 322177
650 252760
650 393188
650 259772
650 352639
650 270262
650 625673
650 602679
650 572990
650 613082
650 391327
650 522875
650 1374317
650 493579
650 134856
650 834025
650 310733
700 314985
700 351738
700 890525
700 307864
700 1523010
700 542794
700 383883
700 422032
700 262502
700 515491
700 320872
700 380341
700 881476
700 888881
700 293106
700 284085
700 246644
700 720270
700 798970
700 332916
700 687977
700 528269
700 572326
700 476851
700 527369
700 207458
700 717981
700 286302
700 530570
700 1419830
700 886514
700 242911
700 883540
700 583467
700 545872
700 250921
700 408021
700 223956
700 323258
700 767431
700 319509
700 386232
700 1086170
700 611882
700 947769
700 696855
700 382786
700 262346
700 934146
700 121670
750 357473
750 411737
750 417349
750 728447
750 429899
750 303599
750 263581
750 605052
750 660177
750 767135
750 301987
750 1351104
750 680873
750 297287
750 594998
750 1292266
750 581796
750 326761
750 251976
750 1488158
750 462303
750 424577
750 398173
750 671419
750 570609
750 234143
750 1617373
750 1016476
750 1095628
750 298481
750 787647
750 208614
750 1611372
750 611124
750 1059792
750 297271
750 1350068
750 222524
750 633534
750 707433
750 269133
750 380575
750 446119
750 342841
750 266352
750 1340736
750 379899
750 921898
750 818707
750 315328
800 680979
800 290578
800 1853415
800 1645975
800 1134296
800 1508346
800 780555
800 693415
800 582945
800 270191
800 530172
800 100937
800 617987
800 273064
800 1163451
800 288187
800 427623
800 3034749
800 304205
800 133987
800 330305
800 1540045
800 178639
800 464588
800 522233
800 578151
800 704428
800 589562
800 1070901
800 101459
800 203441
800 1728149
800 450501
800 489431
800 595250
800 520495
800 773883
800 326449
800 468184
800 1232221
800 852157
800 325616
800 128557
800 264159
800 984430
800 327655
800 811103
800 1985205
800 870519
800 1992955
850 1114718
850 1203054
850 1154644
850 1536554
850 289509
850 530608
850 2169000
850 649592
850 510279
850 1166230
850 735086
850 1030662
850 1042337
850 513120
850 1272232
850 763390
850 1317270
850 1417594
850 1644467
850 170637
850 1082276
850 642148
850 2894392
850 278253
850 689314
850 978138
850 337681
850 299777
850 541997
850 421810
850 537577
850 308269
850 426845
850 1987616
850 1058850
850 319563
850 991902
850 452037
850 858794
850 1508184
850 487077
850 574965
850 533507
850 1136748
850 1052514
850 636454
850 1662749
850 579860
850 1132422
850 1105948
900 1279686
900 709209
900 194871
900 330251
900 364951
900 304425
900 307389
900 385581
900 349997
900 237351
900 117979
900 757304
900 1069608
900 481776
900 1487640
900 497252
900 1267494
900 668432
900 697332
900 1002468
900 1280586
900 1460838
900 1733876
900 1047527
900 560438
900 454355
900 1082186
900 545096
900 327424
900 1234334
900 835570
900 415276
900 352978
900 1002088
900 436549
900 357546
900 2310984
900 645576
900 598094
900 428682
900 1300780
900 1052758
900 966894
900 1120993
900 1791750
900 1444438
900 1391174
900 369894
900 662185
900 527562
950 824765
950 153703
950 302623
950 225565
950 439917
950 610667
950 503902
950 2906980
950 2495388
950 760213
950 1010517
950 2210812
950 496980
950 721049
950 1035749
950 1438156
950 1220159
950 2149842
950 2170646
950 808639
950 614547
950 1294096
950 1190156
950 1248904
950 1170464
950 167048
950 469301
950 1394358
950 517777
950 2292660
950 459332
950 1127482
950 770901
950 2905208
950 464169
950 287620
950 483283
950 481142
950 548671
950 1500988
950 1390668
950 2184500
950 336311
950 436336
950 865241
950 221052
950 599372
950 1183552
950 516387
950 332524
1000 1095438
1000 1900211
1000 677146
1000 685040
1000 1629945
1000 1761749
1000 446283
1000 430032
1000 1465241
1000 854553
1000 1947335
1000 1798579
1000 877399
1000 1264391
1000 709620
1000 1042689
1000 509183
1000 872955
1000 2079618
1000 1320105
1000 910681
1000 1310969
1000 1641933
1000 555998
1000 459222
1000 574292
1000 322387
1000 1233521
1000 556631
1000 1364197
1000 769306
1000 1399194
1000 327535
1000 698244
1000 428610
1000 658486
1000 1099947
1000 411436
1000 539918
1000 1405277
1000 1056807
1000 1225505
1000 1074729
1000 2100715
1000 600412
1000 359735
1000 1231881
1000 1021284
1000 334054
1000 371363
1050 2143063
1050 2081383
1050 517968
1050 1616978
1050 1361427
1050 1937190
1050 2421093
1050 1311985
1050 674281
1050 1404997
1050 1040011
1050 2484835
1050 2296795
1050 642723
1050 825381
1050 1412299
1050 1470561
1050 985912
1050 2125591
1050 1048873
1050 603735
1050 3252227
1050 962314
1050 605185
1050 427965
1050 597866
1050 1908945
1050 2051311
1050 2696875
1050 1345249
1050 1955531
1050 200504
1050 1223701
1050 412951
1050 1428781
1050 2061983
1050 1416069
1050 522191
1050 1661927
1050 1823741
1050 2225731
1050 829697
1050 243438
1050 676249
1050 2275385
1050 1119184
1050 1982005
1050 728878
1050 2520165
1050 2281333
