10 17 20
10 18 23
10 19 17
10 16 23
10 17 22
10 14 15
10 18 24
10 19 19
10 16 19
10 17 17
10 17 18
10 15 22
10 16 22
10 14 13
10 14 17
10 14 16
10 17 17
10 17 21
10 16 20
10 16 14
10 16 15
10 21 23
10 18 18
10 19 21
10 15 13
10 17 19
10 14 14
10 20 25
10 15 19
10 18 15
10 17 16
10 15 20
10 16 16
10 19 17
10 15 18
10 15 13
10 17 19
10 14 17
10 15 18
10 15 15
10 17 17
10 20 18
10 16 18
10 22 19
10 17 16
10 20 24
10 14 13
10 15 21
10 14 17
10 14 17
10 17 19
10 16 22
10 17 13
10 16 20
10 14 18
10 17 20
10 17 17
10 15 19
10 16 16
10 17 18
10 17 19
10 17 17
10 14 15
10 14 16
10 15 16
10 16 13
10 15 20
10 14 12
10 14 16
10 16 19
10 19 22
10 15 18
10 18 14
10 16 18
10 19 22
10 18 19
10 16 18
10 18 19
10 14 14
10 14 18
10 14 13
10 17 21
10 15 13
10 18 22
10 15 14
10 15 16
10 15 19
10 15 18
10 21 17
10 16 18
10 18 21
10 17 23
10 16 16
10 21 21
10 16 21
10 17 24
10 14 17
10 19 13
10 17 13
10 17 20
20 44 43
20 47 48
20 58 58
20 42 48
20 47 39
20 44 42
20 45 45
20 41 35
20 42 41
20 48 54
20 41 38
20 44 45
20 40 42
20 42 52
20 43 45
20 40 48
20 41 33
20 40 42
20 46 51
20 44 42
20 42 33
20 45 41
20 48 51
20 46 41
20 53 54
20 47 34
20 49 50
20 54 61
20 47 36
20 41 38
20 42 38
20 53 56
20 42 43
20 53 58
20 43 38
20 49 58
20 51 49
20 43 38
20 45 49
20 42 43
20 48 39
20 47 50
20 50 53
20 52 36
20 42 45
20 43 54
20 44 47
20 41 47
20 39 43
20 42 37
20 51 49
20 44 53
20 48 47
20 41 48
20 41 47
20 39 41
20 39 39
20 48 56
20 44 41
20 42 44
20 46 44
20 48 37
20 41 37
20 40 44
20 51 52
20 43 30
20 41 44
20 42 46
20 41 38
20 47 55
20 45 39
20 41 44
20 40 36
20 42 44
20 51 54
20 46 38
20 41 38
20 51 53
20 45 49
20 51 52
20 46 42
20 51 50
20 40 41
20 46 53
20 42 45
20 43 40
20 47 46
20 51 45
20 45 42
20 45 49
20 41 47
20 51 50
20 47 43
20 47 35
20 43 32
20 42 41
20 49 50
20 51 45
20 43 46
20 43 49
30 71 58
30 83 76
30 84 84
30 78 81
30 81 71
30 73 61
30 79 82
30 77 78
30 77 71
30 82 91
30 76 69
30 82 68
30 87 97
30 85 90
30 107 110
30 73 75
30 80 88
30 75 73
30 83 83
30 87 86
30 77 81
30 78 59
30 71 72
30 77 68
30 88 84
30 92 61
30 100 80
30 76 63
30 80 71
30 76 71
30 88 87
30 74 67
30 79 69
30 90 86
30 101 55
30 99 94
30 75 71
30 77 65
30 83 66
30 74 64
30 78 85
30 75 75
30 86 72
30 89 68
30 101 101
30 82 64
30 93 103
30 91 91
30 75 71
30 91 90
30 78 80
30 85 63
30 97 87
30 83 71
30 88 69
30 94 75
30 72 69
30 77 65
30 93 93
30 85 86
30 78 67
30 74 71
30 71 70
30 84 78
30 75 74
30 80 61
30 76 70
30 77 71
30 86 88
30 79 83
30 80 76
30 93 87
30 72 70
30 77 79
30 76 78
30 80 87
30 71 64
30 77 64
30 76 91
30 71 73
30 81 87
30 83 88
30 82 85
30 83 74
30 78 72
30 74 75
30 91 91
30 81 75
30 81 78
30 82 81
30 70 67
30 71 65
30 72 59
30 77 67
30 77 74
30 83 77
30 89 98
30 79 73
30 74 71
30 94 61
40 111 101
40 113 95
40 109 100
40 121 128
40 117 119
40 129 136
40 107 101
40 116 90
40 119 98
40 117 110
40 116 113
40 136 126
40 115 95
40 160 138
40 120 118
40 109 102
40 109 104
40 124 92
40 119 129
40 116 121
40 117 106
40 108 102
40 135 107
40 109 87
40 139 79
40 112 92
40 115 116
40 130 129
40 116 93
40 118 104
40 111 113
40 145 103
40 127 103
40 118 100
40 152 107
40 114 100
40 123 100
40 128 103
40 111 91
40 132 113
40 123 126
40 107 95
40 116 108
40 120 102
40 114 121
40 120 113
40 139 144
40 115 98
40 129 103
40 120 109
40 136 111
40 105 104
40 146 123
40 113 111
40 108 107
40 120 104
40 123 108
40 106 102
40 115 94
40 115 91
40 120 108
40 113 123
40 138 127
40 127 122
40 111 104
40 128 135
40 108 91
40 109 118
40 115 96
40 135 142
40 122 120
40 144 149
40 113 115
40 127 98
40 115 118
40 111 102
40 115 99
40 121 102
40 115 99
40 148 156
40 190 130
40 105 83
40 136 126
40 126 125
40 112 113
40 121 118
40 141 132
40 122 127
40 122 115
40 114 97
40 132 126
40 140 136
40 126 132
40 116 100
40 125 115
40 120 93
40 113 120
40 130 126
40 112 101
40 111 113
50 173 134
50 148 128
50 175 141
50 182 175
50 168 149
50 178 175
50 173 141
50 145 141
50 169 160
50 160 134
50 188 170
50 174 163
50 172 155
50 151 127
50 165 139
50 156 147
50 173 165
50 190 132
50 159 136
50 153 150
50 161 135
50 198 157
50 166 159
50 158 139
50 172 112
50 144 119
50 157 155
50 162 124
50 149 144
50 152 142
50 153 147
50 148 145
50 206 169
50 167 168
50 170 154
50 163 142
50 171 144
50 155 122
50 155 140
50 181 185
50 154 165
50 170 151
50 170 161
50 173 166
50 165 119
50 144 131
50 165 128
50 151 121
50 142 134
50 153 137
50 190 192
50 149 138
50 187 185
50 151 149
50 170 163
50 152 123
50 158 151
50 189 177
50 154 115
50 183 160
50 150 141
50 152 146
50 168 148
50 151 128
50 176 168
50 149 134
50 165 134
50 153 131
50 203 172
50 157 111
50 168 145
50 145 142
50 169 184
50 203 152
50 164 161
50 151 155
50 158 154
50 149 134
50 192 164
50 153 120
50 151 134
50 164 162
50 154 160
50 174 161
50 150 140
50 193 159
50 156 123
50 164 147
50 157 164
50 159 135
50 174 164
50 146 137
50 146 135
50 154 161
50 173 132
50 181 151
50 144 124
50 145 129
50 158 142
50 155 133
60 227 209
60 221 168
60 209 214
60 206 167
60 203 210
60 185 173
60 192 179
60 195 198
60 206 170
60 218 202
60 195 177
60 192 162
60 247 150
60 199 174
60 221 188
60 203 156
60 187 160
60 212 186
60 217 213
60 238 177
60 179 154
60 246 178
60 200 157
60 214 168
60 193 172
60 212 168
60 212 190
60 205 183
60 230 207
60 198 201
60 187 141
60 215 183
60 204 199
60 194 178
60 190 169
60 208 173
60 193 168
60 187 166
60 239 239
60 193 155
60 197 186
60 186 155
60 217 178
60 188 166
60 247 175
60 195 190
60 182 158
60 210 159
60 230 204
60 209 198
60 214 177
60 219 211
60 205 181
60 211 210
60 213 157
60 198 181
60 181 165
60 209 171
60 189 186
60 247 230
60 222 224
60 212 181
60 199 173
60 188 170
60 201 206
60 249 192
60 205 189
60 217 179
60 207 199
60 231 208
60 211 193
60 229 242
60 216 190
60 188 177
60 203 165
60 212 167
60 210 207
60 200 143
60 220 192
60 215 161
60 190 143
60 210 174
60 199 171
60 208 156
60 199 193
60 192 165
60 207 164
60 205 159
60 186 152
60 189 160
60 258 232
60 213 205
60 210 189
60 231 173
60 193 174
60 212 205
60 228 207
60 208 180
60 204 196
60 209 166
70 238 206
70 292 298
70 315 312
70 252 194
70 274 245
70 266 215
70 246 227
70 248 203
70 233 202
70 278 240
70 262 207
70 238 174
70 238 190
70 248 215
70 236 203
70 260 257
70 282 286
70 280 203
70 219 188
70 231 208
70 335 264
70 287 268
70 245 218
70 240 213
70 239 232
70 232 210
70 313 288
70 232 193
70 251 194
70 230 217
70 299 256
70 243 179
70 248 212
70 260 211
70 239 211
70 288 277
70 263 246
70 238 228
70 231 213
70 249 222
70 272 236
70 245 224
70 268 240
70 244 237
70 259 194
70 270 263
70 236 192
70 274 255
70 243 219
70 239 226
70 277 247
70 241 226
70 255 212
70 274 245
70 289 192
70 251 204
70 251 217
70 263 235
70 238 202
70 308 207
70 242 228
70 301 197
70 293 286
70 248 233
70 274 226
70 263 213
70 266 261
70 264 216
70 264 210
70 259 240
70 255 230
70 246 188
70 231 199
70 246 201
70 257 230
70 280 227
70 262 241
70 262 217
70 237 221
70 260 228
70 295 179
70 232 188
70 244 225
70 245 239
70 290 198
70 232 196
70 269 206
70 275 246
70 279 208
70 228 206
70 242 204
70 235 185
70 249 244
70 267 220
70 249 218
70 268 264
70 253 190
70 242 184
70 261 257
70 251 253
80 298 305
80 272 217
80 277 247
80 302 246
80 316 247
80 267 255
80 306 213
80 279 266
80 307 289
80 290 224
80 304 230
80 339 231
80 290 250
80 316 297
80 363 210
80 335 255
80 300 286
80 283 255
80 333 283
80 286 265
80 299 237
80 311 325
80 314 250
80 332 315
80 333 256
80 272 228
80 314 288
80 311 246
80 313 242
80 299 266
80 282 268
80 283 266
80 378 241
80 301 296
80 324 236
80 289 241
80 314 254
80 291 259
80 303 285
80 276 254
80 296 281
80 343 283
80 281 254
80 307 251
80 320 257
80 274 275
80 273 263
80 286 266
80 315 283
80 282 239
80 297 206
80 292 248
80 266 246
80 301 236
80 284 251
80 323 271
80 301 292
80 317 324
80 304 247
80 293 271
80 287 209
80 300 274
80 279 227
80 301 268
80 309 286
80 302 272
80 296 251
80 260 233
80 292 275
80 319 257
80 261 202
80 298 278
80 307 266
80 327 317
80 278 258
80 283 268
80 319 316
80 314 297
80 294 230
80 302 264
80 342 237
80 298 269
80 304 262
80 312 259
80 302 268
80 277 250
80 321 240
80 312 258
80 339 254
80 291 268
80 331 320
80 301 251
80 298 264
80 301 278
80 292 223
80 301 244
80 285 237
80 299 280
80 293 255
80 271 215
90 334 300
90 416 353
90 418 379
90 383 350
90 359 346
90 347 325
90 357 333
90 326 268
90 347 283
90 311 274
90 328 306
90 354 287
90 367 256
90 343 316
90 314 289
90 383 313
90 341 278
90 364 353
90 335 314
90 413 363
90 341 267
90 355 286
90 338 316
90 364 366
90 346 266
90 334 296
90 320 253
90 352 303
90 344 317
90 362 302
90 336 338
90 354 323
90 381 348
90 329 301
90 373 332
90 396 374
90 354 323
90 372 341
90 351 324
90 365 305
90 342 338
90 319 280
90 347 286
90 386 312
90 370 351
90 353 299
90 323 261
90 316 283
90 386 336
90 356 308
90 373 339
90 324 323
90 349 305
90 357 334
90 354 326
90 375 330
90 363 325
90 429 316
90 335 285
90 350 251
90 324 262
90 359 294
90 327 283
90 310 266
90 350 304
90 378 337
90 366 280
90 385 247
90 351 336
90 409 297
90 389 359
90 337 311
90 341 253
90 324 275
90 332 306
90 339 245
90 316 253
90 365 277
90 377 285
90 357 281
90 376 364
90 332 324
90 384 322
90 325 248
90 334 265
90 349 320
90 362 315
90 362 309
90 388 356
90 377 295
90 341 275
90 334 301
90 329 284
90 360 282
90 335 299
90 327 275
90 391 311
90 356 317
90 343 244
90 313 268
100 379 344
100 409 338
100 379 290
100 436 409
100 384 327
100 486 415
100 456 301
100 399 367
100 405 352
100 445 357
100 479 470
100 366 290
100 355 316
100 383 334
100 409 378
100 386 334
100 416 359
100 424 331
100 428 311
100 382 343
100 397 360
100 369 338
100 411 385
100 405 317
100 375 301
100 404 335
100 410 359
100 382 364
100 405 381
100 428 331
100 435 372
100 390 349
100 406 329
100 377 381
100 426 387
100 390 344
100 368 324
100 372 288
100 343 320
100 419 371
100 364 316
100 388 300
100 374 348
100 376 315
100 490 490
100 379 308
100 418 355
100 392 336
100 482 392
100 471 290
100 388 372
100 430 372
100 421 350
100 456 430
100 442 288
100 453 372
100 446 370
100 412 338
100 445 286
100 400 289
100 390 362
100 428 368
100 416 353
100 400 325
100 425 339
100 412 383
100 385 310
100 404 357
100 420 387
100 397 272
100 428 353
100 360 298
100 427 276
100 370 324
100 434 335
100 403 392
100 374 322
100 364 345
100 370 301
100 432 338
100 410 330
100 411 374
100 411 349
100 373 331
100 409 382
100 446 305
100 479 457
100 381 355
100 379 314
100 412 404
100 415 332
100 391 395
100 396 314
100 386 300
100 402 343
100 439 394
100 412 322
100 427 402
100 423 328
100 419 389
110 457 327
110 543 414
110 442 405
110 469 364
110 438 405
110 416 352
110 489 412
110 415 392
110 449 319
110 460 333
110 460 414
110 443 386
110 460 332
110 470 377
110 449 343
110 488 437
110 441 352
110 454 414
110 460 395
110 408 392
110 494 452
110 434 377
110 450 398
110 486 458
110 453 358
110 434 360
110 468 445
110 466 386
110 477 430
110 462 409
110 451 386
110 437 338
110 454 351
110 447 402
110 453 395
110 445 334
110 465 423
110 467 384
110 444 360
110 512 468
110 481 451
110 460 393
110 429 383
110 453 377
110 505 408
110 421 371
110 456 361
110 437 416
110 442 407
110 471 407
110 458 373
110 407 370
110 492 402
110 456 361
110 442 410
110 464 448
110 457 372
110 444 389
110 420 342
110 446 381
110 494 464
110 414 356
110 511 487
110 457 388
110 432 365
110 410 366
110 438 399
110 453 386
110 465 346
110 462 439
110 515 361
110 448 418
110 448 393
110 457 317
110 441 374
110 459 419
110 554 372
110 468 412
110 412 375
110 413 313
110 467 398
110 458 380
110 447 326
110 478 405
110 479 465
110 450 380
110 498 469
110 448 324
110 427 368
110 459 385
110 425 359
110 418 343
110 466 370
110 445 381
110 434 392
110 475 382
110 443 402
110 485 399
110 430 356
110 505 420
120 527 517
120 533 520
120 553 383
120 479 379
120 509 404
120 486 460
120 528 445
120 509 441
120 521 467
120 531 502
120 469 406
120 531 443
120 501 450
120 517 480
120 520 475
120 478 402
120 548 356
120 501 407
120 498 427
120 491 451
120 473 378
120 547 475
120 543 374
120 564 551
120 547 505
120 524 359
120 473 390
120 498 454
120 520 410
120 464 416
120 497 366
120 467 362
120 524 478
120 486 411
120 630 418
120 475 438
120 525 380
120 545 490
120 489 443
120 483 439
120 479 380
120 500 408
120 554 438
120 512 418
120 537 469
120 469 391
120 540 501
120 500 416
120 485 399
120 567 375
120 590 516
120 538 472
120 479 441
120 533 465
120 463 407
120 592 503
120 567 463
120 439 375
120 490 454
120 517 501
120 505 363
120 520 451
120 504 434
120 496 381
120 587 543
120 526 381
120 508 464
120 535 456
120 513 359
120 465 399
120 547 397
120 560 541
120 535 505
120 530 396
120 493 434
120 467 380
120 478 380
120 475 381
120 517 413
120 489 356
120 503 413
120 585 523
120 481 400
120 508 371
120 540 484
120 486 383
120 512 383
120 497 419
120 477 430
120 514 373
120 502 451
120 479 396
120 495 405
120 652 537
120 548 456
120 503 393
120 509 453
120 477 437
120 501 382
120 537 466
130 517 466
130 526 456
130 587 537
130 599 530
130 622 498
130 562 428
130 545 458
130 566 500
130 582 538
130 511 391
130 559 443
130 585 509
130 576 558
130 574 422
130 592 514
130 556 433
130 629 406
130 624 558
130 563 482
130 559 528
130 497 439
130 506 433
130 565 370
130 531 427
130 539 498
130 577 445
130 551 522
130 563 500
130 597 534
130 613 541
130 543 400
130 556 417
130 531 428
130 576 438
130 569 474
130 557 445
130 569 499
130 565 425
130 538 448
130 664 382
130 652 585
130 636 483
130 607 532
130 525 430
130 607 395
130 580 425
130 572 498
130 573 396
130 512 430
130 529 463
130 564 480
130 570 479
130 501 399
130 569 453
130 553 405
130 536 405
130 586 524
130 526 486
130 532 472
130 642 614
130 569 529
130 569 524
130 563 375
130 531 457
130 598 541
130 570 497
130 584 407
130 669 607
130 566 437
130 496 427
130 557 439
130 566 460
130 603 579
130 644 585
130 616 520
130 532 422
130 597 446
130 541 485
130 536 446
130 544 457
130 614 497
130 601 530
130 511 440
130 513 463
130 539 515
130 603 545
130 523 409
130 692 658
130 576 523
130 550 450
130 553 471
130 589 571
130 547 406
130 543 448
130 565 511
130 554 464
130 504 409
130 583 496
130 510 380
130 621 534
140 546 452
140 617 512
140 617 522
140 601 510
140 574 450
140 624 480
140 574 493
140 631 599
140 627 432
140 597 501
140 608 536
140 564 432
140 624 540
140 600 564
140 618 519
140 591 485
140 618 554
140 603 498
140 604 557
140 666 522
140 615 599
140 599 525
140 607 532
140 648 513
140 692 524
140 590 531
140 634 535
140 685 504
140 574 466
140 603 486
140 579 468
140 744 443
140 583 451
140 658 534
140 586 481
140 588 509
140 699 559
140 577 495
140 629 515
140 626 499
140 618 490
140 710 669
140 622 475
140 615 539
140 583 496
140 617 575
140 633 495
140 551 462
140 607 547
140 656 478
140 620 477
140 597 442
140 631 448
140 639 553
140 581 529
140 619 484
140 593 564
140 628 500
140 587 518
140 595 425
140 628 511
140 601 470
140 580 505
140 636 556
140 661 574
140 622 535
140 671 631
140 704 621
140 596 536
140 555 467
140 598 454
140 599 494
140 626 538
140 603 490
140 647 577
140 580 487
140 618 461
140 550 436
140 587 482
140 681 623
140 570 468
140 580 499
140 614 493
140 608 506
140 638 512
140 632 448
140 570 506
140 662 544
140 586 524
140 575 454
140 600 513
140 618 559
140 642 535
140 584 517
140 616 589
140 619 556
140 590 535
140 571 486
140 563 488
140 630 564
150 607 501
150 680 604
150 602 508
150 678 546
150 731 664
150 676 550
150 629 509
150 664 621
150 649 506
150 608 482
150 670 551
150 694 575
150 763 601
150 623 546
150 775 678
150 719 632
150 619 508
150 706 484
150 641 501
150 624 480
150 627 524
150 669 552
150 645 618
150 846 760
150 695 541
150 696 586
150 685 573
150 657 497
150 681 598
150 632 591
150 621 497
150 648 535
150 663 508
150 627 494
150 639 555
150 672 494
150 675 519
150 667 510
150 642 580
150 633 527
150 611 560
150 679 541
150 637 527
150 637 504
150 666 576
150 646 592
150 671 548
150 686 503
150 738 665
150 652 612
150 700 597
150 638 577
150 739 667
150 700 542
150 729 657
150 650 545
150 709 532
150 701 575
150 622 511
150 683 577
150 673 635
150 621 559
150 634 516
150 666 548
150 648 522
150 664 534
150 686 607
150 617 518
150 646 598
150 645 566
150 679 527
150 676 562
150 664 562
150 649 550
150 617 547
150 630 553
150 688 565
150 722 454
150 646 603
150 646 543
150 705 613
150 651 554
150 698 606
150 670 558
150 686 630
150 721 553
150 677 471
150 692 625
150 641 605
150 701 489
150 662 538
150 668 548
150 695 503
150 630 510
150 680 550
150 649 528
150 670 488
150 626 558
150 690 529
150 628 583
160 688 538
160 686 566
160 769 614
160 734 582
160 704 650
160 667 544
160 793 570
160 710 619
160 692 597
160 734 591
160 775 678
160 748 545
160 705 623
160 757 526
160 882 735
160 701 620
160 701 529
160 781 508
160 838 667
160 728 556
160 704 616
160 692 560
160 680 552
160 747 682
160 724 549
160 816 702
160 714 622
160 756 542
160 693 538
160 691 589
160 744 651
160 781 721
160 741 561
160 746 714
160 714 557
160 714 581
160 662 548
160 774 689
160 706 501
160 765 551
160 744 516
160 772 558
160 770 627
160 749 565
160 714 639
160 719 635
160 675 607
160 796 697
160 751 657
160 810 723
160 740 594
160 746 714
160 722 663
160 686 613
160 744 615
160 763 479
160 696 615
160 670 571
160 676 548
160 684 614
160 727 622
160 722 525
160 805 668
160 775 667
160 675 613
160 753 534
160 790 601
160 705 535
160 767 582
160 748 641
160 713 589
160 773 688
160 756 659
160 723 624
160 761 692
160 657 615
160 756 483
160 720 623
160 732 685
160 688 552
160 849 677
160 805 650
160 769 630
160 800 706
160 725 543
160 862 589
160 666 605
160 761 546
160 800 650
160 690 615
160 794 659
160 675 568
160 657 561
160 721 677
160 732 571
160 671 565
160 725 516
160 732 559
160 681 572
160 745 661
170 748 664
170 922 775
170 778 680
170 771 621
170 730 539
170 759 549
170 798 614
170 770 703
170 777 598
170 905 721
170 825 745
170 986 804
170 1051 773
170 860 700
170 763 671
170 800 601
170 725 575
170 745 624
170 749 648
170 764 669
170 689 537
170 743 608
170 871 673
170 815 675
170 782 640
170 818 732
170 737 627
170 830 581
170 757 647
170 796 629
170 851 615
170 819 647
170 789 703
170 805 600
170 898 631
170 842 678
170 746 643
170 766 650
170 771 606
170 751 667
170 765 648
170 752 666
170 748 693
170 738 594
170 753 579
170 729 631
170 801 735
170 906 630
170 813 622
170 717 574
170 793 714
170 813 663
170 847 658
170 828 717
170 835 688
170 769 685
170 759 669
170 759 543
170 748 598
170 816 633
170 845 745
170 771 714
170 750 581
170 767 576
170 860 767
170 737 657
170 812 676
170 803 644
170 805 753
170 761 692
170 814 705
170 834 689
170 739 632
170 709 615
170 892 685
170 876 551
170 782 610
170 723 612
170 794 621
170 805 644
170 833 721
170 908 832
170 776 646
170 844 747
170 765 576
170 764 574
170 818 675
170 750 583
170 752 610
170 868 745
170 739 620
170 876 683
170 737 646
170 765 586
170 711 612
170 785 626
170 838 691
170 754 671
170 745 617
170 743 623
180 769 644
180 816 650
180 927 828
180 816 674
180 763 604
180 883 817
180 874 755
180 765 710
180 907 691
180 835 646
180 882 780
180 867 799
180 819 641
180 820 734
180 842 713
180 771 633
180 807 694
180 785 646
180 828 757
180 819 716
180 825 734
180 831 682
180 821 630
180 807 643
180 804 662
180 874 693
180 803 669
180 948 661
180 863 735
180 866 748
180 792 623
180 862 759
180 905 657
180 827 585
180 810 670
180 862 779
180 911 642
180 847 642
180 880 736
180 824 689
180 860 712
180 805 663
180 765 604
180 844 763
180 806 693
180 827 640
180 752 571
180 815 690
180 836 749
180 839 706
180 914 789
180 844 683
180 900 623
180 837 703
180 870 797
180 856 754
180 853 709
180 824 669
180 942 798
180 870 763
180 820 673
180 844 730
180 910 619
180 807 602
180 892 791
180 848 652
180 781 678
180 826 623
180 927 714
180 862 700
180 816 697
180 844 763
180 820 665
180 878 713
180 878 596
180 891 819
180 843 697
180 891 765
180 814 661
180 872 638
180 1026 777
180 772 652
180 1035 791
180 825 718
180 802 663
180 836 748
180 819 727
180 836 716
180 835 762
180 990 694
180 800 734
180 832 678
180 765 619
180 822 563
180 811 744
180 813 622
180 854 589
180 838 764
180 866 743
180 835 705
190 902 781
190 874 774
190 1007 699
190 846 688
190 906 768
190 909 843
190 889 757
190 908 768
190 911 753
190 891 801
190 837 710
190 901 784
190 846 712
190 1237 798
190 883 675
190 868 745
190 1031 733
190 983 837
190 898 662
190 907 663
190 864 730
190 948 820
190 965 830
190 898 778
190 909 737
190 919 702
190 971 689
190 974 897
190 955 712
190 863 610
190 838 680
190 969 834
190 883 705
190 939 799
190 948 712
190 841 698
190 876 658
190 1071 929
190 850 758
190 904 699
190 845 641
190 900 820
190 911 792
190 837 708
190 827 651
190 898 742
190 849 716
190 909 811
190 889 715
190 889 759
190 892 755
190 890 799
190 943 820
190 888 725
190 839 662
190 906 703
190 918 827
190 863 751
190 868 690
190 990 801
190 1019 862
190 966 731
190 992 710
190 923 725
190 951 798
190 1061 681
190 894 686
190 909 746
190 947 701
190 865 772
190 894 676
190 908 793
190 915 839
190 1138 833
190 1029 656
190 1005 911
190 828 767
190 923 604
190 887 610
190 1204 764
190 937 858
190 947 795
190 946 750
190 884 788
190 877 693
190 907 688
190 928 806
190 936 811
190 852 786
190 894 656
190 879 748
190 1074 677
190 982 907
190 849 642
190 911 774
190 916 747
190 861 724
190 877 605
190 851 619
190 934 749
200 957 791
200 961 736
200 994 794
200 963 749
200 885 803
200 936 747
200 1095 891
200 957 748
200 911 778
200 942 688
200 922 743
200 1038 797
200 1041 954
200 981 681
200 986 820
200 1011 857
200 929 762
200 923 834
200 930 800
200 926 808
200 866 820
200 904 795
200 959 824
200 950 722
200 1053 723
200 995 853
200 872 731
200 957 819
200 960 794
200 883 808
200 986 762
200 1004 783
200 1026 962
200 907 785
200 998 942
200 948 820
200 978 845
200 923 750
200 1050 848
200 964 828
200 910 836
200 922 778
200 981 853
200 1150 695
200 959 815
200 935 702
200 977 795
200 1062 920
200 933 849
200 981 808
200 989 894
200 926 688
200 877 772
200 1089 797
200 1116 926
200 911 816
200 1194 1007
200 946 851
200 1096 867
200 951 855
200 949 719
200 917 776
200 919 673
200 964 765
200 1015 705
200 923 732
200 995 794
200 927 728
200 964 623
200 905 757
200 1018 745
200 1008 828
200 998 976
200 1050 885
200 949 879
200 904 697
200 907 787
200 1054 804
200 884 709
200 945 799
200 944 716
200 948 833
200 939 703
200 971 709
200 1049 857
200 935 866
200 917 642
200 977 731
200 930 801
200 892 751
200 976 871
200 929 753
200 1073 824
200 900 630
200 949 699
200 947 782
200 977 751
200 965 767
200 887 785
200 927 754
