1
1
2
1.4919
3
2.1676
4
2.7815
5
3.4261
6
4.0324
7
4.6822
8
5.2804
9
5.9406
10
6.5728
11
7.1339
12
7.8601
13
8.4136
14
9.0472
15
9.6135
16
10.3344
17
10.8671
18
11.5685
19
12.1559
20
12.7545
21
13.3591
22
14.0502
23
14.7284
24
15.3135
25
15.9156
26
16.5846
27
17.2968
28
17.7431
29
18.4277
30
19.0224
31
19.7159
32
20.227
33
20.8571
34
21.614
35
22.1802
36
22.8514
37
23.3628
38
24.022
39
24.6061
40
25.2136
41
25.93
42
26.4874
43
27.0753
44
27.8199
45
28.4833
46
29.0585
47
29.8208
48
30.3422
49
31.0884
50
31.3161
51
32.1108
52
32.8067
53
33.3001
54
34.1418
55
34.7904
56
35.1986
57
36.0932
58
36.5096
59
37.1232
60
37.7211
61
38.1079
62
39.1085
63
39.7632
64
40.443
65
40.9703
66
41.6159
67
42.2186
68
42.5807
69
43.4164
70
44.0916
71
44.6034
72
44.862
73
45.7259
74
46.536
75
47.0331
76
47.9753
77
48.3631
78
49.1331
79
49.8068
80
50.4063
81
51.0108
82
51.6237
83
52.0792
84
52.7819
85
53.557
86
54.018
87
54.7908
88
54.8721
89
56.0069
90
56.456
91
56.9805
92
57.8083
93
58.4246
94
59.0818
95
59.7459
96
60.0204
97
60.3546
98
61.52
99
62.1634
100
62.3769
101
63.2482
102
64.1216
103
64.5793
104
65.469
105
66.1132
106
66.6099
107
67.1265
108
67.4558
109
68.5626
110
69.1225
111
69.6811
112
70.3225
113
70.9361
114
71.6693
115
71.8111
116
72.6371
117
73.5759
118
73.9638
119
74.4984
120
75.1151
121
75.9676
122
76.4168
123
76.6383
124
77.4066
125
78.5532
126
79.2973
127
79.2472
128
80.4451
129
80.8233
130
81.2187
131
81.9833
132
83.0554
133
83.194
134
84.5272
135
84.4014
136
85.1436
137
86.4739
138
86.7421
139
87.4235
140
87.7468
141
88.6462
142
89.4349
143
89.7809
144
89.7826
145
90.4775
146
91.3556
147
92.3708
148
92.2036
149
93.1777
150
93.888
151
94.6779
152
94.7423
153
95.7895
154
96.8165
155
97.0107
156
97.8942
157
98.5254
158
98.8553
159
99.9668
160
100.021
161
101.311
162
101.385
163
101.293
164
102.457
165
103.601
166
104.007
167
104.549
168
105.43
169
106.096
170
106.495
171
106.789
172
107.279
173
108.231
174
109.062
175
109.813
176
110.598
177
110.827
178
111.52
179
112.068
180
112.856
181
112.903
182
113.787
183
114.311
184
115.115
185
115.877
186
116.886
187
117.298
188
117.881
189
118.984
190
119.075
191
119.922
192
119.795
193
120.472
194
121.387
195
122.108
196
123.04
197
123.537
198
123.858
199
124.077
200
125.782