1
1
2
2
3
1
4
2
5
3
6
5
7
4
8
4
9
5
10
6
11
5
12
7
13
13
14
4
15
9
16
6
17
9
18
10
19
8
20
19
21
9
22
16
23
23
24
18
25
13
26
17
27
19
28
22
29
22
30
17
31
21
32
17
33
33
34
19
35
21
36
21
37
20
38
24
39
23
40
18
41
18
42
29
43
17
44
19
45
16
46
33
47
37
48
35
49
22
50
31
51
18
52
47
53
35
54
53
55
17
56
48
57
57
58
38
59
32
60
46
61
53
62
48
63
20
64
30
65
48
66
34
67
27
68
54
69
42
70
26
71
49
72
27
73
48
74
52
75
31
76
29
77
65
78
25
79
66
80
58
81
55
82
63
83
40
84
82
85
49
86
31
87
57
88
41
89
66
90
48
91
50
92
28
93
54
94
47
95
28
96
52
97
74
98
51
99
45
100
57
k = 1, ELAPSED TIME: 771ms
