2888.0 1820.8 92.2868 380
32 160
28 160
28 156
14 167
11 156
17 150
15 147
15 145
15 142
11 144
11 141
5 142
5 145
5 147
2 150
2 139
2 137
5 131
5 127
10 129
9 131
11 133
15 130
15 126
9 127
10 125
9 124
5 121
5 116
5 112
8 113
5 108
0 108
2 104
2 103
0 97
2 93
2 90
2 89
2 87
2 85
5 82
5 78
5 75
0 71
2 70
3 63
2 62
0 60
0 49
2 46
3 47
2 49
2 52
15 64
18 70
11 73
11 76
17 85
17 87
17 90
11 92
10 92
17 104
12 109
11 106
15 112
15 116
15 121
25 115
25 110
25 109
25 108
25 105
25 104
26 102
25 100
25 99
25 96
25 94
25 89
25 88
25 87
25 84
25 83
26 81
25 79
25 78
25 75
25 74
28 70
28 68
28 65
25 62
25 60
26 53
25 52
25 54
18 55
17 49
15 47
18 38
15 30
17 32
17 20
3 30
2 32
2 35
0 33
2 29
0 28
0 24
0 23
0 22
0 21
0 20
2 22
2 20
3 19
2 18
2 12
2 11
5 8
9 10
12 5
15 8
15 11
25 6
32 10
38 11
40 6
40 14
25 11
25 12
25 14
25 17
25 21
25 25
25 28
25 35
25 40
25 37
38 36
40 37
41 43
48 49
48 48
48 47
48 44
48 43
49 41
48 39
48 38
48 35
48 33
48 28
48 27
48 26
38 24
40 25
48 23
48 22
49 20
48 18
48 17
48 10
51 7
56 9
57 9
54 0
57 5
62 10
71 9
74 6
80 5
84 6
86 9
80 15
63 17
64 21
63 23
63 26
64 27
71 25
71 28
71 29
80 31
86 29
87 25
99 17
99 34
99 51
99 68
99 85
99 104
99 102
87 95
86 94
86 91
87 89
86 85
86 82
86 80
87 74
86 73
86 70
87 68
86 64
84 59
84 55
78 53
79 54
78 56
79 58
78 60
72 67
71 69
71 70
71 73
71 74
71 75
71 80
71 82
71 85
71 86
72 88
71 90
64 89
64 95
71 91
71 94
71 95
71 96
71 101
71 103
63 105
63 107
64 108
74 107
80 105
86 101
86 103
74 111
74 115
74 119
74 125
71 126
71 127
74 131
80 129
84 125
84 119
81 116
81 112
84 115
86 127
80 132
84 133
84 136
84 138
86 141
80 147
80 135
74 133
74 136
74 138
71 141
64 142
63 148
63 150
71 157
87 157
80 160
74 162
70 167
57 152
56 152
54 167
42 167
38 159
38 155
38 150
48 150
48 153
48 148
48 143
48 142
48 141
38 145
38 141
38 135
35 132
35 128
38 131
48 132
48 133
49 135
48 137
48 138
63 141
63 138
64 136
63 132
57 124
55 124
48 108
48 107
48 106
48 105
49 94
48 93
48 91
48 90
64 78
63 79
71 65
71 64
74 60
74 56
74 50
84 50
84 45
86 40
74 45
77 42
71 40
71 39
71 37
71 35
63 33
63 35
63 38
64 42
63 44
63 47
64 48
63 54
63 56
57 58
48 56
48 54
40 54
38 53
34 52
34 56
34 67
34 64
38 65
38 68
38 70
40 75
40 78
48 79
48 80
41 82
40 84
40 87
41 88
40 94
40 96
40 99
41 103
40 105
40 108
41 109
40 115
34 117
34 121
28 123
28 127
28 131
28 135
31 142
28 141
28 145
28 150
32 153
33 154
33 158
32 156
32 160
