11900.0 7454.99 629.194 2086
171 78
171 84
172 87
172 84
176 85
186 82
186 83
186 84
186 85
176 88
176 90
172 92
172 97
176 98
176 100
179 105
186 109
193 101
195 101
194 108
195 108
193 108
189 110
186 111
186 114
189 114
194 113
195 113
199 114
196 116
189 120
176 116
176 114
176 111
173 108
172 104
172 113
171 113
169 117
169 125
163 128
163 120
166 116
166 114
166 111
163 114
155 113
148 115
146 121
143 124
143 129
146 132
143 135
143 140
147 143
148 144
147 146
143 146
143 150
147 150
148 148
149 152
153 149
153 145
153 140
153 135
153 129
153 124
163 132
163 134
166 133
166 135
171 134
171 132
172 132
172 134
176 133
176 135
176 137
172 136
171 136
172 138
171 138
170 138
166 137
163 136
163 139
163 141
166 140
163 144
166 144
173 145
176 148
178 150
170 149
166 148
163 150
163 156
163 157
163 158
163 159
166 162
166 164
169 166
166 169
166 174
166 178
166 180
166 184
172 182
172 177
176 174
176 169
176 164
176 162
172 161
178 159
179 158
179 156
186 155
186 153
186 148
186 147
186 146
186 143
186 142
187 140
186 138
186 137
186 134
186 133
186 130
189 132
189 130
189 128
194 129
195 129
199 130
199 132
201 134
201 137
202 141
201 143
201 146
202 147
209 144
212 140
209 135
209 134
209 131
209 130
209 128
209 127
209 125
209 124
209 122
209 120
209 115
209 114
209 113
209 110
209 109
210 107
209 105
209 104
212 101
212 99
209 92
218 94
224 92
225 86
224 85
224 82
225 80
224 76
222 74
218 73
212 74
209 76
209 77
210 79
209 81
209 82
209 85
209 87
209 86
202 85
201 84
201 82
202 72
202 66
209 67
218 69
224 67
225 61
224 60
224 57
225 55
224 51
222 47
222 43
224 39
224 38
222 36
218 41
217 42
216 41
215 41
212 44
217 46
216 44
216 48
210 54
209 56
209 57
209 60
209 61
209 62
201 56
202 55
209 52
209 51
209 48
212 48
209 47
209 44
209 43
209 41
209 39
209 38
209 35
209 34
209 32
209 30
209 28
209 26
209 24
212 27
212 31
212 34
212 36
218 35
217 35
216 32
217 32
218 32
222 31
218 30
217 30
212 23
209 22
209 20
212 19
209 18
209 16
209 14
212 15
212 10
212 8
216 13
218 13
217 13
218 9
219 5
222 8
222 10
241 0
246 9
246 10
246 17
246 25
246 30
246 31
246 32
246 33
246 41
246 43
246 44
246 45
246 46
246 47
246 48
246 49
246 57
246 65
246 73
246 81
246 89
246 97
246 98
246 105
222 101
222 99
218 98
224 104
225 108
224 110
224 113
225 114
224 120
224 122
224 125
224 128
224 131
224 135
225 138
225 140
225 142
225 141
222 140
219 137
218 137
217 137
216 137
222 145
218 146
217 146
218 144
217 144
216 146
217 149
218 149
218 152
217 152
222 150
222 153
224 155
224 156
222 159
218 158
217 158
217 160
217 162
218 162
218 160
222 161
222 163
224 165
224 166
224 167
224 170
218 172
217 172
216 172
212 174
216 179
217 179
218 179
217 177
218 177
222 178
224 183
225 187
224 189
224 192
225 193
246 193
246 200
246 208
246 216
246 224
246 232
225 214
224 213
224 210
225 208
224 204
224 201
224 199
210 186
209 188
209 189
209 192
209 193
209 194
209 199
209 201
209 204
209 205
210 207
209 209
209 210
209 213
209 214
209 215
209 220
209 222
209 224
209 226
209 228
209 229
209 230
199 231
195 230
193 223
195 223
189 231
189 233
199 233
212 235
223 241
222 235
219 232
224 230
224 229
224 228
222 226
224 222
224 220
218 224
217 225
216 224
215 224
202 207
201 206
201 204
202 194
202 188
209 184
209 183
212 181
209 181
209 179
212 178
209 177
201 178
202 177
209 175
209 173
209 170
209 169
209 167
209 166
209 165
209 164
209 162
209 160
212 163
212 161
212 159
209 158
209 156
209 155
209 154
212 153
209 152
209 150
212 150
212 148
212 145
209 146
209 148
201 153
201 155
195 157
186 178
186 179
176 178
176 180
171 188
170 187
176 189
176 193
178 197
186 189
186 190
186 192
187 193
186 204
186 205
186 206
186 207
172 202
172 199
170 194
171 192
170 190
166 190
166 194
163 197
166 201
166 204
166 208
171 211
172 211
163 212
166 223
171 222
172 222
176 223
178 227
172 230
173 233
176 236
176 241
166 236
168 241
166 232
163 228
163 227
163 222
156 215
155 214
155 211
156 209
155 205
155 202
155 200
156 194
155 193
155 190
156 188
155 184
155 181
155 180
155 179
153 176
153 174
153 172
149 173
150 163
153 166
143 166
143 172
143 174
143 176
140 179
140 180
140 181
140 184
140 185
141 187
140 189
140 190
140 193
140 194
140 195
140 200
140 202
140 205
140 206
141 208
140 210
140 211
140 214
140 215
140 216
140 221
140 223
140 225
143 226
148 225
149 227
149 225
155 221
155 223
153 226
149 230
143 229
143 232
143 236
133 233
123 241
117 233
126 223
120 207
117 209
120 201
125 208
126 208
130 207
130 201
130 197
132 193
132 192
133 187
133 186
133 181
130 190
126 195
125 196
127 198
124 195
123 195
126 189
125 189
125 184
126 184
127 184
126 180
124 184
123 184
120 188
117 185
120 190
117 189
117 191
117 192
117 193
117 195
117 197
110 203
109 202
109 199
110 197
109 193
109 190
109 188
110 182
109 181
117 181
120 176
120 174
126 173
130 174
130 176
126 169
132 167
133 161
132 160
132 157
133 155
132 151
130 149
126 148
124 141
126 141
120 149
117 151
117 152
118 154
117 156
117 157
117 160
117 161
117 162
117 167
109 178
110 176
109 172
110 169
110 168
107 165
109 162
109 161
110 154
107 159
103 158
102 158
103 164
104 166
103 166
102 166
101 166
102 164
100 166
97 170
94 183
94 182
94 181
94 178
94 177
95 175
94 173
94 172
94 167
94 164
97 165
94 162
94 161
94 160
97 159
94 154
94 158
84 165
84 168
84 170
84 172
84 176
84 180
86 185
84 182
80 179
81 173
80 171
79 171
79 169
80 169
80 166
79 167
78 166
77 166
74 165
74 170
74 172
74 176
74 180
74 182
71 171
71 169
71 168
71 166
71 164
71 163
71 162
71 160
74 161
77 162
78 162
79 162
80 162
79 160
80 160
84 161
87 157
86 150
84 147
80 146
74 147
71 150
71 157
64 156
64 158
63 159
57 161
63 150
61 147
61 145
57 144
61 141
58 138
61 137
57 136
57 132
61 133
61 129
61 124
63 118
61 122
58 126
57 123
56 123
57 121
57 116
56 121
48 118
48 121
51 122
51 124
48 124
51 129
51 133
51 137
51 141
51 145
51 147
55 149
48 150
48 156
48 157
48 158
48 159
41 156
40 157
41 164
40 165
40 171
41 172
48 173
49 174
48 177
51 177
48 180
51 180
55 182
56 179
57 179
57 176
56 176
61 177
64 174
61 180
56 182
57 182
51 184
51 186
56 185
56 187
57 189
57 187
57 185
61 186
61 188
61 190
61 192
71 185
71 186
72 188
71 190
71 191
71 194
71 195
71 196
80 208
81 215
84 218
80 219
86 213
86 212
86 206
86 203
86 201
87 195
86 194
86 191
87 189
94 190
94 188
94 193
94 194
95 196
94 198
94 199
94 202
94 203
94 204
94 209
94 211
104 213
109 211
109 209
107 216
103 217
97 216
94 221
94 223
97 226
103 225
107 226
107 229
107 231
109 234
103 228
97 229
97 231
94 234
84 233
84 231
84 228
80 227
80 230
74 231
74 233
74 228
71 225
71 223
74 218
71 213
71 212
71 211
74 210
71 206
71 203
71 201
63 195
63 196
63 199
61 203
63 200
56 202
57 202
57 204
61 208
63 210
63 214
63 215
57 207
56 207
51 203
51 206
51 208
57 217
57 220
56 217
55 217
51 219
51 229
57 228
61 229
61 232
61 234
57 231
51 232
51 234
46 241
48 226
48 224
48 219
48 217
48 215
48 214
48 213
48 210
48 207
48 202
48 200
48 199
48 198
48 196
48 195
48 194
51 192
51 190
51 188
48 185
48 187
48 184
48 182
40 176
41 182
41 184
40 185
40 188
41 194
41 196
40 197
38 200
40 202
34 199
33 199
32 201
28 200
25 199
25 202
25 197
25 196
25 195
25 194
25 188
25 185
32 187
25 184
25 183
25 182
25 176
32 175
25 172
25 171
25 165
25 164
25 158
25 157
18 147
18 149
17 150
17 153
18 159
18 161
17 162
11 164
10 164
9 164
8 167
9 167
10 168
11 167
15 169
18 174
18 175
15 176
12 173
11 173
10 173
9 173
9 170
11 170
10 170
5 166
2 166
2 167
2 169
2 170
2 172
0 176
2 177
2 179
0 179
0 180
0 181
5 183
2 184
2 186
2 187
2 189
2 191
0 190
0 197
0 204
2 209
0 212
0 211
0 218
0 219
0 225
0 226
0 233
2 233
2 226
2 223
5 224
5 222
2 222
2 220
2 218
2 217
2 215
2 211
5 210
5 208
2 205
5 204
5 200
5 197
2 196
5 194
2 194
2 192
5 191
5 188
5 186
9 184
10 187
9 189
9 192
10 196
11 196
11 198
12 201
12 205
11 205
10 205
9 205
11 209
10 209
9 211
10 211
11 211
12 211
18 212
18 213
15 214
11 218
15 219
11 220
10 220
9 220
10 218
11 215
10 215
9 215
5 214
5 217
5 219
10 223
11 223
15 224
17 226
18 233
16 241
17 241
18 241
28 234
28 230
28 227
32 224
33 224
34 224
35 224
34 228
38 227
41 226
41 225
40 222
41 219
41 218
40 215
40 214
40 211
41 210
41 208
38 220
35 217
34 217
33 217
32 217
28 220
25 224
25 222
25 221
25 217
25 215
25 214
25 213
25 211
25 210
25 209
25 208
18 206
18 207
15 208
15 210
15 204
15 197
10 192
11 192
10 189
11 189
11 187
15 188
15 183
11 184
10 184
12 180
11 177
10 177
9 177
5 179
5 176
5 172
2 173
0 169
2 164
2 162
2 161
0 162
2 160
2 159
0 155
2 153
2 150
9 152
2 149
2 148
2 147
0 148
2 141
0 141
0 135
2 136
2 137
2 138
9 140
17 141
17 138
17 137
15 135
11 134
10 134
5 135
2 134
2 130
2 128
0 127
0 128
2 122
2 121
2 120
0 121
0 120
2 119
2 117
2 116
2 115
2 114
2 112
0 113
2 110
2 108
2 107
2 106
0 105
0 106
2 105
5 109
5 113
5 111
10 110
10 112
11 112
11 110
11 106
10 106
9 106
8 106
5 105
2 103
2 102
2 100
0 99
0 97
2 98
5 97
5 99
8 100
9 100
10 98
11 98
10 101
9 103
10 103
11 103
11 100
15 97
12 94
11 94
10 94
9 94
2 94
2 92
2 91
0 92
2 90
0 89
5 87
5 85
2 82
2 81
5 81
9 82
11 86
15 85
15 87
17 91
17 92
18 95
18 96
15 99
15 102
15 109
15 111
15 113
17 115
17 116
17 117
17 120
17 121
17 122
11 124
25 121
25 123
25 125
25 131
25 132
25 133
25 134
34 136
40 134
41 133
41 131
40 125
38 123
34 121
32 124
33 122
32 121
31 121
28 119
28 115
25 115
25 113
25 112
25 110
32 113
33 113
34 110
33 111
34 113
38 119
35 116
38 112
38 109
38 107
40 103
40 102
34 105
32 105
31 105
33 106
34 108
33 108
32 110
31 110
28 109
25 108
25 107
25 105
25 103
25 102
25 101
25 98
25 100
28 100
32 98
33 98
34 98
33 94
34 94
38 95
41 91
41 90
38 87
35 88
34 88
33 88
32 88
31 88
28 95
28 92
25 94
25 89
25 87
25 85
25 84
28 84
31 85
32 85
33 86
34 85
34 82
33 82
32 82
25 76
25 78
25 82
18 83
18 84
12 82
11 82
10 82
9 79
10 79
11 79
17 77
11 73
10 73
9 73
5 75
2 75
2 76
2 77
2 79
0 81
0 78
2 73
2 71
0 73
0 71
2 70
2 68
2 66
2 64
0 64
5 65
8 66
9 66
10 64
11 64
10 67
11 66
17 70
15 68
15 65
15 62
15 60
15 55
11 54
10 51
11 51
10 48
11 48
15 47
15 44
15 42
11 43
11 41
10 41
5 42
2 43
5 44
8 45
9 45
10 43
11 45
10 46
9 48
9 51
10 54
11 56
9 56
10 56
11 59
5 62
5 60
5 58
2 58
2 56
0 57
2 54
2 53
5 53
5 55
5 50
2 50
2 51
0 49
0 50
0 48
0 47
0 46
2 47
2 48
2 45
0 44
0 45
0 43
0 41
2 41
2 39
2 38
2 37
2 36
0 36
0 33
0 32
0 30
0 29
0 25
0 22
0 17
0 15
0 10
0 9
0 8
2 10
5 8
12 5
16 0
17 0
18 0
19 0
15 8
15 11
11 12
11 15
11 10
10 10
5 11
5 14
5 17
5 21
2 23
2 24
2 25
2 28
2 31
2 33
2 34
5 35
5 33
10 31
9 31
11 31
10 34
11 34
15 35
17 37
17 38
17 39
25 35
25 33
25 31
25 30
25 28
25 26
17 28
17 25
17 24
25 20
34 17
38 18
40 22
40 21
48 16
51 21
57 19
57 22
64 16
74 19
74 26
74 34
80 35
81 22
84 18
84 14
84 11
81 8
78 12
79 13
78 15
79 17
78 19
74 15
74 11
80 5
80 0
74 7
63 9
62 0
61 6
57 5
51 6
48 9
38 16
35 13
34 10
38 8
38 6
34 5
33 10
32 10
28 8
28 6
25 12
25 10
28 12
28 16
28 18
25 21
25 22
25 24
28 25
28 27
28 30
28 32
31 33
32 33
33 31
34 31
34 28
33 28
32 28
33 26
33 24
34 24
34 26
38 25
38 27
38 32
38 35
34 33
33 34
34 36
28 38
25 41
25 43
25 46
25 52
25 53
25 56
25 57
25 58
25 60
25 61
28 49
31 45
32 45
33 45
34 45
35 45
31 41
32 41
33 42
34 41
38 43
41 47
41 48
40 53
40 57
40 58
40 61
35 63
34 63
33 63
32 63
31 63
28 67
31 69
32 69
33 69
34 70
34 72
41 69
41 68
41 67
41 65
41 64
48 61
48 63
51 67
51 70
51 74
51 78
51 84
57 82
55 78
56 76
55 74
56 72
55 71
61 77
61 73
61 70
57 69
57 65
51 59
48 53
48 54
48 49
48 52
48 46
48 47
48 44
48 45
48 42
48 40
48 39
48 38
48 37
48 35
48 34
48 33
51 43
56 42
57 42
63 34
63 35
63 38
63 40
63 39
61 43
63 45
63 46
63 47
63 49
63 53
63 54
58 56
61 59
63 61
63 63
71 56
71 57
71 58
71 59
71 63
72 64
71 69
71 81
71 82
71 85
71 91
71 93
71 94
71 97
71 98
72 100
71 102
71 103
71 107
71 108
71 113
79 115
71 122
71 123
72 125
71 127
71 128
71 132
71 133
71 138
79 140
86 138
87 132
86 128
87 126
86 122
86 113
86 103
87 107
87 101
86 97
87 93
86 92
87 89
86 88
86 82
87 80
80 74
78 74
87 70
86 69
87 66
86 65
86 58
87 57
86 56
87 55
94 51
103 49
103 54
109 51
107 55
107 57
103 59
97 55
97 57
97 60
97 62
97 65
97 68
97 70
97 73
97 75
97 80
101 77
102 78
101 80
102 82
101 84
97 84
94 87
94 88
94 89
97 92
103 91
103 93
97 94
94 99
97 96
94 100
95 102
94 104
94 105
94 108
94 109
94 110
94 115
94 117
94 120
94 121
95 123
94 126
94 125
94 129
94 130
94 131
94 138
94 136
103 144
109 138
109 136
110 130
109 129
109 126
110 124
117 125
117 124
117 123
117 122
109 120
109 117
109 115
118 111
117 110
117 108
117 107
110 109
109 108
109 105
110 103
117 96
117 97
109 99
107 96
107 94
109 89
107 92
109 88
109 87
107 83
107 79
107 75
107 73
107 70
103 69
103 72
103 64
103 66
107 62
107 65
107 60
117 63
117 62
120 61
120 55
120 49
117 47
117 45
120 43
123 45
124 45
125 46
126 45
130 47
130 49
126 48
127 52
130 55
130 61
132 63
130 71
130 69
126 68
126 65
120 67
120 69
120 71
120 74
126 75
126 73
130 74
133 95
132 96
133 106
133 112
132 122
132 124
133 125
140 108
140 113
140 107
140 103
140 102
141 100
140 98
140 97
143 95
143 89
150 86
153 89
153 95
155 97
156 101
155 103
156 107
163 105
166 100
166 98
166 94
166 90
166 88
166 85
163 85
155 79
155 77
153 82
153 84
149 81
143 84
143 82
140 79
140 77
140 72
140 71
140 70
140 67
140 66
141 64
140 62
140 61
143 57
153 57
153 52
155 47
155 46
153 43
149 42
143 43
146 49
143 52
140 47
140 46
140 45
140 40
130 43
130 41
130 39
132 35
132 34
132 31
126 37
125 38
126 40
124 37
123 37
120 41
117 39
117 37
117 35
117 34
117 33
117 31
117 30
117 28
117 27
117 26
117 24
103 11
97 17
97 13
97 10
94 6
99 0
103 8
109 6
117 6
120 10
126 8
126 0
132 6
126 11
120 13
120 17
117 18
117 19
117 21
117 23
120 23
124 24
126 26
124 21
125 21
126 21
132 19
140 27
140 28
140 38
143 33
149 34
153 33
150 30
155 27
153 23
153 21
155 14
155 15
149 17
148 17
147 17
143 19
149 20
143 23
143 21
140 19
140 17
140 15
140 14
140 13
140 12
140 10
140 6
144 0
143 12
147 10
148 10
149 10
155 6
163 10
163 6
162 0
176 0
186 6
194 10
195 10
201 6
199 11
199 13
195 15
194 15
193 15
189 13
189 11
186 11
186 13
186 16
189 17
186 18
186 20
189 21
186 22
186 24
189 25
186 26
186 28
189 29
195 35
201 33
186 33
186 32
186 30
176 18
176 16
176 13
172 15
172 12
176 11
178 6
172 10
171 10
166 11
166 13
166 16
166 18
172 22
171 22
170 22
163 23
166 24
163 25
163 27
166 28
163 29
163 31
166 32
163 33
163 35
166 36
163 37
163 39
166 40
163 41
163 43
166 44
163 45
163 47
166 48
163 49
172 51
186 56
186 57
186 67
186 68
186 70
187 71
178 76
179 70
178 66
179 64
178 60
176 57
172 56
166 53
166 57
163 60
163 61
164 63
163 65
163 66
163 70
163 71
156 65
155 61
155 67
155 70
156 71
163 76
171 78
