11082.0 6937.87 555.584 1785
107 25
109 28
103 34
84 39
81 36
74 39
74 45
63 57
64 61
63 63
74 63
74 58
77 55
80 50
84 45
94 44
97 49
97 51
103 48
110 44
107 49
107 51
103 53
103 58
107 59
107 64
107 61
103 63
103 66
102 63
97 55
97 59
97 61
97 64
94 64
84 74
84 80
81 82
84 85
74 85
74 80
74 74
81 71
84 58
84 63
80 66
74 68
64 67
63 73
63 82
64 86
63 88
63 91
64 92
63 98
63 105
64 109
63 111
64 115
71 116
74 114
74 110
74 106
74 103
74 99
74 95
74 91
78 92
79 93
84 91
84 94
84 98
78 95
79 97
78 99
80 101
80 104
81 111
84 114
84 116
84 118
80 115
79 115
74 116
74 118
71 118
63 121
56 123
48 121
48 116
48 115
48 111
48 110
49 108
48 106
48 105
56 100
48 98
48 93
48 92
48 91
48 88
48 87
49 85
48 83
48 82
56 75
48 73
40 80
41 84
40 86
40 89
41 90
40 96
40 103
40 104
38 109
38 111
35 106
34 98
25 104
25 102
25 103
18 99
17 98
17 96
25 96
25 91
25 90
25 89
25 86
25 85
26 83
25 81
25 80
18 86
18 80
18 69
17 70
25 71
33 73
40 71
41 65
40 64
40 61
48 68
48 67
48 63
48 62
49 60
48 58
48 57
41 59
40 55
40 52
38 50
48 48
56 50
63 48
64 42
63 38
64 36
63 32
63 29
63 27
71 26
74 23
79 21
78 23
79 25
80 25
84 22
84 18
84 13
84 8
77 5
74 8
74 13
79 17
78 16
78 19
74 19
64 21
63 20
63 17
64 15
63 11
67 0
57 5
51 7
48 11
48 12
49 14
48 16
48 17
48 20
48 21
48 22
48 27
48 29
48 32
48 33
49 35
48 37
48 38
48 42
48 43
41 31
35 30
34 30
31 30
32 30
33 30
34 28
33 28
34 23
33 23
34 20
38 21
38 24
38 26
38 29
41 32
41 34
41 35
41 39
41 40
41 42
41 44
38 48
34 47
33 47
34 45
33 44
32 44
31 44
28 48
28 50
25 66
25 65
25 64
25 61
25 60
26 58
25 56
25 55
25 52
25 51
25 48
28 42
34 37
33 36
32 36
31 36
28 34
28 29
28 26
25 28
25 24
28 24
28 21
25 18
25 16
28 11
34 12
38 11
35 8
34 5
38 0
28 7
15 8
12 5
5 8
11 9
0 11
2 13
2 15
2 17
2 19
5 19
9 17
11 17
10 17
15 21
11 20
11 22
10 22
9 22
10 20
5 21
2 20
0 21
2 23
5 24
2 25
5 28
8 29
9 29
10 30
15 31
11 29
15 35
11 36
10 36
9 36
10 34
9 32
5 32
2 28
2 29
2 31
0 31
2 32
2 35
5 38
2 37
2 39
0 38
0 41
2 42
2 44
5 43
9 41
10 41
11 41
15 47
11 46
11 49
10 46
5 47
2 47
0 48
0 51
0 61
2 70
0 71
2 71
0 81
2 82
2 81
3 85
2 84
0 91
2 96
2 97
2 98
2 99
0 101
0 111
9 115
11 115
0 121
2 123
2 124
3 126
2 128
2 129
0 131
2 132
2 133
2 134
2 139
0 141
2 141
2 144
0 151
0 154
2 155
2 157
0 161
0 171
2 178
2 180
0 181
2 181
2 183
2 184
2 185
2 187
2 188
2 189
2 191
0 191
0 201
5 212
5 205
5 203
5 201
2 200
2 199
2 197
2 195
2 194
2 193
5 192
5 182
10 181
11 181
15 192
11 191
10 191
9 197
8 197
11 197
10 198
10 200
11 202
11 200
15 205
15 203
15 201
15 199
17 195
17 194
17 189
17 188
17 185
17 184
15 182
10 178
11 178
9 178
5 180
5 175
5 171
11 169
17 164
11 166
5 168
2 164
2 161
5 160
2 159
5 156
9 154
10 154
11 154
10 143
11 143
17 141
17 139
18 133
17 132
17 129
18 127
17 123
25 122
25 119
28 118
25 117
25 115
25 113
25 110
28 109
28 111
28 114
32 112
33 110
34 110
33 112
34 112
34 121
33 121
25 130
28 131
31 132
32 132
33 130
34 130
33 132
34 132
35 132
38 131
41 134
41 136
41 138
41 142
41 144
41 146
48 143
48 142
48 138
48 137
49 135
48 133
48 132
51 130
57 129
61 130
63 132
64 136
63 138
64 142
63 148
56 150
56 156
48 148
57 156
61 157
61 159
61 161
57 163
56 163
55 163
51 161
51 159
51 157
48 157
48 159
48 161
51 165
48 164
48 166
51 169
48 168
48 170
48 173
48 175
38 182
41 178
41 176
41 174
41 170
41 168
41 166
41 162
41 160
41 158
41 154
41 152
41 150
34 155
33 154
32 154
31 154
34 147
33 146
32 146
34 139
33 138
32 138
31 138
28 136
28 144
31 146
28 152
28 160
32 162
33 162
34 163
31 162
28 168
31 170
32 170
33 170
34 171
31 178
28 176
32 178
33 178
34 179
33 181
34 181
33 183
34 183
32 183
28 182
28 185
25 181
25 184
25 186
25 188
28 189
25 190
25 192
28 193
31 194
32 194
33 192
34 192
33 195
34 194
38 193
38 196
38 198
34 197
34 199
33 197
25 194
25 196
25 197
28 198
28 201
28 205
38 212
51 204
51 202
57 201
61 204
61 202
61 199
57 198
51 199
48 196
48 194
51 189
48 187
51 187
51 185
51 183
48 183
48 180
48 179
48 178
48 177
51 177
55 175
56 175
57 175
57 182
56 182
56 186
57 186
57 190
61 189
61 187
61 185
61 183
63 180
63 179
63 173
74 161
74 157
71 151
80 149
86 151
84 156
84 160
81 163
79 159
78 157
78 154
79 155
78 161
74 167
74 175
71 181
71 186
71 189
71 188
77 186
78 186
79 187
80 186
84 188
87 181
84 192
84 194
86 197
80 191
78 189
74 189
74 192
74 194
71 197
80 203
85 212
97 206
97 204
94 200
94 197
97 197
94 196
94 193
97 193
94 192
94 189
94 186
94 188
97 189
101 189
102 191
101 193
102 195
101 197
102 199
104 201
103 205
107 206
107 204
107 200
107 196
107 192
107 188
103 186
102 187
101 186
100 186
97 184
97 182
103 181
107 182
107 184
103 178
102 178
101 178
97 180
94 180
94 178
97 175
94 176
94 174
97 171
94 172
94 170
94 166
94 168
97 167
97 164
94 158
94 151
94 148
94 146
94 135
94 134
94 132
97 131
97 125
104 122
107 125
107 131
103 132
102 133
101 132
100 132
107 134
107 143
104 140
103 137
101 135
97 135
97 139
97 143
97 147
101 145
102 145
103 145
109 151
103 163
102 165
103 165
101 165
107 164
110 158
120 146
120 141
117 132
117 131
117 130
117 127
120 127
117 126
117 124
117 117
109 109
103 111
107 106
103 105
97 106
94 108
94 109
94 103
94 101
97 95
97 91
97 85
97 80
100 77
101 88
107 85
107 80
120 74
120 76
117 79
117 83
120 83
120 85
120 89
117 88
117 93
120 93
120 95
107 94
107 90
102 89
101 91
102 93
101 95
103 97
120 99
124 99
125 97
124 96
125 92
126 92
126 88
125 88
125 82
126 82
126 75
126 73
130 74
130 76
132 79
130 83
130 85
130 89
130 93
130 95
130 98
130 102
125 101
126 105
124 103
120 103
117 109
117 111
117 115
120 115
125 114
126 114
130 115
130 117
126 119
120 117
120 121
123 124
124 124
125 125
126 124
130 126
124 127
124 129
126 133
123 138
130 141
130 146
133 150
133 152
133 154
133 153
130 152
127 149
126 149
125 149
124 149
120 152
117 156
117 158
117 159
120 159
123 156
124 156
126 156
125 157
124 159
125 161
126 161
130 158
130 162
130 164
133 166
133 168
133 169
133 173
133 174
133 175
133 177
120 162
120 164
117 162
117 166
117 167
117 168
117 169
117 172
117 173
117 174
117 175
117 177
117 180
117 182
117 184
117 185
117 187
117 189
117 191
117 192
117 193
126 192
124 187
120 189
120 184
120 186
120 181
124 182
125 180
126 180
130 181
126 182
125 182
125 185
125 187
126 187
126 185
130 186
133 193
126 196
125 199
120 198
117 199
120 200
120 202
117 205
118 212
119 212
120 212
121 212
122 212
123 212
124 212
125 212
126 212
127 212
128 212
129 212
130 212
132 205
130 202
126 201
126 199
130 200
140 193
140 192
140 191
140 188
143 200
140 200
143 202
140 204
155 204
153 202
153 200
149 199
148 199
149 194
147 190
143 187
140 186
140 184
140 182
143 183
147 181
148 181
149 181
140 178
140 177
140 176
140 175
140 172
143 173
156 175
156 177
156 178
163 182
163 188
163 190
163 194
166 194
166 198
170 199
171 200
172 193
171 193
176 194
172 196
176 201
176 205
170 202
166 202
166 206
171 204
170 206
177 212
189 205
189 201
189 198
189 196
186 196
186 193
189 193
186 192
186 189
189 189
186 188
186 186
189 184
192 186
193 186
194 187
193 189
194 191
193 193
194 195
195 199
199 198
199 196
195 195
199 192
199 188
195 186
199 184
196 181
195 178
194 178
193 178
189 180
186 180
186 178
172 184
166 181
163 180
163 178
166 177
163 176
163 174
166 173
163 172
153 173
149 172
148 172
143 171
143 167
143 164
149 165
149 162
149 157
153 151
150 148
153 145
149 142
148 142
147 142
146 142
143 145
143 151
140 144
140 143
140 142
143 138
143 132
147 129
148 129
149 129
150 129
153 132
156 130
156 132
156 134
156 136
156 138
153 138
156 140
163 137
163 136
163 135
166 131
172 130
171 130
170 134
172 138
170 143
171 144
170 146
166 146
171 148
170 150
166 150
163 152
166 155
166 157
163 157
163 161
163 163
163 165
163 169
166 169
170 171
171 171
172 171
176 169
172 168
171 168
166 163
166 165
166 161
166 159
172 160
171 160
176 165
176 163
176 161
176 159
176 157
172 156
171 156
170 152
171 152
172 152
173 152
176 155
186 160
186 162
186 164
186 166
186 168
186 169
189 174
189 169
189 164
189 162
189 160
192 166
193 166
194 167
193 169
193 171
194 171
195 171
196 171
199 174
202 175
202 176
202 174
202 172
195 166
199 168
199 164
199 162
199 160
201 156
199 153
200 139
202 135
212 135
212 141
212 147
209 150
212 153
209 155
212 155
209 159
209 161
209 164
209 166
212 160
212 157
216 158
217 158
218 158
218 154
217 154
222 153
222 155
222 157
224 164
224 166
218 172
225 182
225 180
225 183
225 184
222 182
219 179
218 179
217 179
216 179
212 182
212 187
209 187
209 189
209 191
209 193
209 196
209 200
203 212
212 212
212 205
212 203
212 200
212 193
212 191
212 189
217 186
218 186
222 187
222 189
222 191
222 193
224 196
222 200
218 199
218 202
217 199
222 203
222 205
226 212
237 212
249 191
249 171
249 151
249 131
249 111
249 91
249 71
249 51
249 31
249 11
237 0
224 6
218 12
212 0
203 0
209 6
201 9
199 6
195 5
195 11
194 11
199 12
199 14
199 16
199 18
199 20
202 23
195 22
196 22
194 22
193 22
192 22
189 20
189 18
189 16
189 14
189 12
189 6
186 9
177 0
172 5
166 7
166 11
163 16
163 18
166 21
172 20
172 23
166 24
166 26
172 29
176 26
176 24
176 21
172 12
173 8
176 11
186 12
186 14
186 16
186 18
186 20
189 26
193 28
194 28
195 29
192 28
189 34
192 36
193 36
194 36
195 37
202 36
202 35
202 34
202 32
202 31
202 28
202 27
202 26
202 24
209 22
218 25
225 22
217 29
218 29
216 29
212 27
209 30
212 31
209 32
209 34
212 35
209 36
212 39
217 40
218 40
222 41
218 42
217 42
216 42
212 41
209 39
209 40
209 43
212 44
209 45
212 48
209 48
212 52
212 54
216 56
217 56
217 51
218 51
222 52
222 54
218 56
217 61
218 61
222 62
222 64
222 66
225 70
225 71
219 68
218 68
217 68
216 68
215 68
209 69
209 66
212 66
212 64
212 62
209 62
209 64
209 59
212 58
209 57
209 54
209 52
202 54
199 49
199 45
199 41
195 48
193 46
194 44
193 42
193 39
194 40
189 42
189 46
189 49
189 52
189 56
193 53
195 50
194 53
195 53
196 53
199 56
202 56
202 58
202 60
199 62
202 62
202 64
202 66
202 67
199 68
199 70
195 69
194 69
189 62
186 65
189 68
186 69
189 70
186 76
189 82
189 87
195 81
196 83
199 82
202 76
209 80
209 78
209 76
212 75
209 75
209 73
212 72
216 73
217 73
218 73
217 76
216 76
218 76
218 79
217 79
216 79
212 78
212 81
209 82
209 85
212 86
212 90
209 92
209 96
209 94
212 93
216 91
217 91
219 87
217 85
218 85
222 86
222 90
218 91
218 96
217 96
218 99
217 99
216 99
216 96
212 98
209 98
209 100
212 101
209 102
212 106
212 109
216 107
217 107
218 104
218 107
217 112
218 112
222 113
222 115
225 121
224 126
224 127
222 130
225 133
225 135
225 137
225 139
225 141
225 143
225 145
225 147
225 149
225 151
225 152
222 147
222 141
222 135
219 132
218 132
217 132
218 129
217 129
216 132
212 130
209 130
209 127
209 126
209 125
209 121
212 115
212 113
209 113
209 110
209 108
202 108
202 110
202 111
202 112
199 110
196 107
195 107
194 107
193 107
195 100
189 95
189 110
193 114
194 114
195 114
195 119
194 119
193 119
186 115
189 116
186 117
186 120
189 121
186 122
186 124
186 126
189 125
189 129
186 133
186 134
186 135
186 139
195 138
195 134
194 138
192 145
186 148
195 152
195 159
194 159
189 153
186 156
179 154
179 153
176 149
176 145
176 131
176 129
179 128
186 130
186 128
179 127
173 126
172 126
171 126
170 126
172 121
170 117
176 114
173 111
176 109
176 107
176 104
176 98
176 93
172 92
171 92
172 88
172 84
179 89
176 85
176 82
176 80
172 79
178 71
172 69
172 74
171 74
170 74
166 76
163 71
163 75
163 77
166 80
166 82
166 85
163 89
163 93
166 93
173 95
166 98
166 104
172 106
166 107
166 109
166 114
163 118
163 119
163 120
166 129
163 130
163 126
156 126
149 125
153 122
153 120
153 118
155 114
153 111
149 110
149 117
148 117
143 118
143 120
143 122
140 126
140 120
140 118
140 114
143 111
140 106
140 91
143 96
143 102
146 103
153 102
153 96
150 93
153 91
153 89
150 86
149 83
149 90
148 90
143 91
143 89
143 85
143 79
153 79
156 81
156 80
156 78
156 77
153 73
150 76
149 76
148 76
147 76
148 72
149 72
143 73
140 72
143 68
140 68
140 65
140 63
140 61
140 53
143 58
143 61
143 63
143 65
149 67
148 67
153 68
153 65
153 63
153 61
153 58
149 60
148 60
150 55
153 53
153 48
153 50
149 42
149 47
149 52
148 52
143 53
143 50
143 48
143 44
143 39
140 40
140 38
143 35
140 36
140 34
140 32
140 28
140 29
143 29
147 29
148 31
147 33
148 33
149 33
153 32
153 28
153 24
149 22
148 23
147 22
146 22
147 25
148 27
143 25
140 25
140 24
140 22
140 20
140 18
147 12
149 14
148 10
153 11
153 7
147 5
148 6
147 8
143 8
143 12
133 22
130 24
133 23
133 25
133 26
133 28
133 29
130 30
125 31
126 31
130 32
130 34
130 38
130 43
126 46
130 49
130 47
130 54
130 59
126 62
120 59
120 54
123 51
120 49
120 47
120 43
120 38
123 35
120 34
117 32
120 32
120 30
117 27
120 24
120 20
124 21
125 21
126 21
127 21
130 20
130 18
126 17
125 17
126 8
125 0
126 5
120 7
120 10
120 14
120 18
117 18
109 20
107 17
103 8
103 5
97 7
94 12
94 14
94 19
94 20
94 28
97 25
97 23
97 17
103 16
103 22
107 23
107 25
