8030.0 1654.62 839.372 1483
5 170
5 172
5 175
5 177
5 179
5 182
2 183
2 185
2 187
5 187
9 185
10 185
11 185
11 190
11 194
15 195
18 191
17 197
15 201
15 203
15 207
17 209
17 211
15 214
18 218
15 222
11 221
10 221
11 224
12 227
15 230
17 234
17 241
17 246
17 251
11 253
12 256
15 259
5 264
4 264
3 264
2 264
5 259
5 255
2 251
0 249
2 246
0 242
2 241
0 235
2 234
5 230
0 228
5 226
5 222
2 222
0 221
0 218
2 217
2 216
2 218
11 217
11 213
10 213
5 214
2 213
0 214
0 211
2 211
2 209
5 207
2 206
0 204
0 200
0 197
2 197
2 200
5 201
5 203
10 206
11 206
11 202
11 200
10 200
10 194
5 195
2 194
0 193
2 191
2 190
2 189
0 190
0 186
2 181
0 179
2 178
2 176
0 176
2 175
2 173
2 171
2 170
0 169
2 168
2 166
2 165
0 165
0 162
2 162
2 160
2 157
0 155
0 151
2 149
0 148
0 145
0 141
2 142
2 140
5 138
0 137
0 134
2 134
5 128
2 128
0 127
0 123
2 123
5 124
10 127
11 127
11 136
17 142
17 140
17 134
15 128
15 124
15 121
17 116
12 118
11 123
10 123
5 121
0 120
2 116
0 113
2 112
5 112
5 108
2 109
0 109
2 107
0 106
2 105
5 104
2 103
2 101
5 100
2 99
0 99
2 97
5 96
5 93
2 93
2 95
0 95
0 92
2 90
5 89
2 88
0 85
2 85
2 83
0 81
2 79
0 78
2 74
2 72
0 71
2 69
2 67
0 67
0 64
2 62
2 60
5 57
2 57
0 57
0 54
0 53
0 50
2 46
2 44
2 42
2 41
2 39
5 40
5 38
5 35
9 33
10 33
11 33
11 36
10 36
9 36
10 39
11 39
15 40
17 42
17 43
17 44
11 46
18 46
25 55
28 55
25 58
25 65
25 69
25 70
28 73
28 75
25 80
33 77
34 77
38 75
38 73
34 72
40 70
41 65
40 58
38 55
40 49
40 47
34 51
34 54
33 54
28 53
25 49
25 47
28 45
25 45
25 43
25 41
28 41
25 40
25 38
28 37
31 38
32 38
33 36
34 36
33 39
32 41
32 43
33 43
34 43
34 38
38 40
38 37
40 34
40 32
40 28
40 26
40 23
40 21
40 18
40 13
40 6
37 0
36 0
35 0
34 0
33 0
32 0
31 0
30 0
29 0
28 0
25 6
25 13
25 18
25 21
25 23
25 26
25 28
25 32
25 34
25 36
17 31
17 29
15 25
11 24
10 24
11 21
17 19
17 17
17 13
17 11
15 8
12 5
9 0
8 0
7 0
6 0
5 0
4 0
3 0
2 0
0 7
0 8
0 11
5 8
2 11
2 13
0 15
2 17
2 19
0 22
0 25
2 24
5 23
5 25
2 29
0 29
0 32
2 31
2 33
2 35
0 36
2 36
2 38
0 39
0 43
2 52
2 55
5 55
10 54
11 54
17 52
15 55
15 57
17 60
17 62
17 67
17 69
17 72
17 74
17 79
17 83
17 85
11 87
10 87
9 87
9 94
10 94
11 94
25 95
25 97
25 100
25 102
40 95
40 97
40 100
40 102
34 104
28 106
25 110
25 115
25 118
25 121
25 123
25 124
25 129
28 130
28 132
28 135
28 137
25 140
25 141
25 142
25 145
25 146
25 147
25 149
25 151
28 152
31 149
32 149
33 150
32 152
32 154
33 154
34 154
34 149
38 151
41 146
40 145
41 141
40 140
38 137
38 135
34 134
34 131
33 129
34 129
38 130
38 132
48 127
48 125
48 123
48 121
41 123
41 122
41 121
34 120
40 118
40 115
40 110
48 119
48 117
48 114
48 112
48 110
48 108
48 106
48 104
51 104
51 106
51 108
51 110
51 112
51 114
51 117
51 119
51 121
51 123
51 125
51 127
51 130
51 132
51 134
58 136
57 136
56 136
55 136
51 139
51 145
51 151
51 157
51 164
51 166
48 166
48 168
48 170
51 168
51 170
51 173
48 173
48 175
48 177
48 179
48 181
48 183
51 175
51 177
51 179
51 181
51 183
51 186
48 189
51 193
57 191
57 194
51 196
51 200
48 202
48 203
48 204
48 206
48 208
51 208
55 206
56 206
57 206
63 202
64 203
71 201
71 199
71 198
71 193
71 190
74 191
79 190
80 182
80 176
79 175
78 175
77 175
74 173
74 181
74 184
74 188
63 189
61 186
57 185
61 183
61 181
61 179
61 177
61 175
61 173
56 172
57 172
61 170
61 168
61 166
61 164
57 165
56 165
58 161
61 157
64 159
64 158
64 156
64 155
64 153
64 151
61 151
64 149
64 147
64 145
61 145
64 143
64 141
64 139
61 139
64 137
61 134
61 132
61 130
57 129
61 127
61 125
61 123
61 121
61 119
61 117
57 116
56 116
61 114
61 112
61 110
61 108
61 106
61 104
57 103
56 103
51 100
48 101
48 99
48 97
51 96
48 95
48 93
51 92
48 91
48 89
48 87
51 88
55 86
56 86
57 86
51 83
51 81
51 78
51 75
48 75
48 71
48 67
51 69
51 67
51 65
57 63
56 66
57 66
56 74
57 74
57 77
57 80
61 83
61 81
61 78
61 75
63 71
61 69
61 67
61 62
61 60
64 56
63 55
64 51
64 49
64 48
64 47
57 59
56 59
51 60
51 62
48 60
48 57
48 56
48 55
48 51
48 49
48 48
48 47
48 46
48 44
48 42
51 43
51 40
55 41
56 41
57 41
64 39
64 38
58 36
57 36
56 36
55 36
56 33
57 33
61 31
57 30
56 30
55 33
54 36
51 35
48 37
48 35
48 33
48 31
51 31
51 27
48 28
48 26
48 24
51 23
55 21
56 21
57 21
61 18
61 16
61 13
57 15
57 12
56 10
51 11
51 13
51 16
51 18
48 22
48 10
48 6
57 10
61 11
63 6
70 0
71 0
80 5
74 7
71 11
71 13
71 16
71 18
71 19
74 18
78 16
79 16
80 16
86 11
86 13
84 20
80 21
80 19
79 19
78 21
79 21
80 24
80 27
80 30
79 30
80 33
79 33
80 36
84 37
80 38
79 38
78 38
79 36
78 33
78 30
79 27
78 27
74 20
71 21
71 23
74 23
74 26
71 27
71 29
74 29
71 30
71 32
74 32
71 33
71 35
71 36
74 35
74 37
71 38
71 40
74 40
71 42
71 43
71 44
71 45
78 49
79 49
80 49
87 42
87 44
87 45
87 55
87 56
84 57
81 54
80 54
79 54
78 54
74 51
71 50
71 52
71 54
74 57
71 58
71 59
71 60
74 65
71 67
74 67
74 69
74 74
77 76
74 82
77 84
74 90
77 92
74 98
77 100
78 100
79 100
80 101
80 93
79 92
78 92
80 85
79 84
78 84
80 77
79 76
78 76
77 70
79 66
81 62
86 60
86 59
84 65
84 67
80 66
78 70
79 70
80 70
81 70
84 69
87 72
87 74
87 76
87 80
87 82
87 84
87 88
87 90
87 92
87 96
87 98
87 100
87 104
87 105
87 111
74 106
71 107
71 108
71 109
71 111
71 114
71 115
71 116
71 119
71 120
74 117
77 114
78 114
79 114
80 114
84 117
84 122
84 127
74 122
71 121
71 124
71 125
71 126
74 127
71 131
71 132
71 133
71 136
71 138
71 139
71 142
71 143
74 143
74 139
77 136
78 136
79 137
78 139
79 141
78 143
77 145
74 149
77 151
74 157
77 159
74 165
77 167
78 167
79 167
80 168
80 160
79 159
78 159
80 152
79 151
78 151
78 145
79 145
80 145
81 145
87 151
87 149
87 147
84 142
84 138
80 136
80 132
87 133
94 126
94 128
94 130
94 132
94 134
94 135
97 135
94 138
97 140
97 142
94 145
94 149
94 150
94 151
101 148
103 152
109 145
107 142
107 140
107 138
103 139
102 137
101 135
102 133
101 132
100 132
97 130
97 128
103 132
107 134
107 130
107 128
107 126
107 122
107 117
103 125
102 125
97 126
97 122
94 121
94 120
94 119
97 117
94 116
94 115
94 114
94 111
94 110
94 109
97 112
100 109
101 109
102 109
103 109
107 112
103 102
107 97
107 95
110 89
103 94
102 94
97 97
97 95
94 95
94 89
94 82
97 81
94 80
94 78
97 77
94 76
94 74
97 73
94 72
94 70
97 69
94 68
94 66
97 65
94 64
94 62
97 61
94 60
94 56
94 54
94 52
97 56
97 58
101 59
102 59
103 59
107 58
107 56
107 54
103 52
103 55
102 55
102 53
101 52
103 49
103 42
103 46
102 49
101 49
100 52
97 51
94 51
94 49
97 48
94 43
94 42
94 41
94 37
94 36
94 35
94 34
94 31
94 30
94 29
94 28
94 26
94 25
94 24
97 23
94 23
94 21
97 20
97 18
94 19
94 18
94 16
97 12
97 8
101 5
102 6
107 7
107 11
102 10
101 8
101 12
103 16
102 16
101 16
102 19
101 21
102 21
103 21
103 19
107 20
109 25
109 26
109 29
109 30
109 31
110 34
110 36
110 37
110 43
128 11
128 15
128 25
128 39
128 53
128 67
128 81
128 95
128 109
128 123
128 137
128 151
128 165
128 179
128 193
110 190
109 188
109 187
109 186
107 184
107 180
103 178
102 179
101 178
100 178
101 181
102 183
97 181
94 180
94 178
94 176
94 174
103 170
109 161
109 160
109 159
103 163
103 167
97 169
94 165
94 163
94 161
94 159
94 158
87 155
87 157
87 159
87 163
87 165
87 167
87 171
87 173
87 175
87 179
87 180
94 181
94 184
94 185
94 186
94 188
94 190
94 193
94 195
97 195
101 193
102 193
103 190
103 193
102 196
103 196
107 197
107 199
107 202
110 206
110 207
110 209
110 210
110 211
110 214
110 215
110 217
110 218
110 219
128 221
128 235
128 249
109 223
109 224
107 228
103 226
102 227
101 226
100 226
101 229
102 229
103 229
103 232
102 232
101 232
102 240
102 243
103 245
103 243
103 240
109 236
109 238
107 241
107 244
107 246
109 249
110 256
94 256
94 249
97 246
97 244
97 241
94 243
94 241
94 238
94 236
94 234
97 234
97 231
94 232
94 231
94 229
94 228
94 226
94 224
94 223
94 222
97 217
100 219
101 219
102 219
103 220
103 212
102 211
101 211
100 211
97 209
100 205
101 203
101 205
102 205
103 205
104 205
103 200
102 201
101 200
100 200
97 199
97 197
94 197
94 200
94 202
97 203
94 203
87 206
87 204
87 203
87 202
86 199
86 193
84 191
80 190
80 195
74 197
71 202
71 203
71 204
71 206
71 209
71 211
74 211
78 209
79 209
80 209
80 212
84 213
87 217
80 216
79 212
74 213
71 212
71 215
71 216
71 217
80 220
79 220
78 220
74 222
71 221
71 223
71 225
71 227
74 227
78 225
79 225
80 225
86 229
86 230
80 232
79 232
78 232
79 235
80 235
84 236
84 238
86 240
86 241
86 242
80 244
80 252
84 253
84 256
84 258
80 255
74 258
74 256
74 253
71 250
71 248
71 242
71 241
71 240
71 239
71 236
74 238
74 236
74 234
71 234
71 232
71 230
71 229
71 228
63 231
63 230
61 228
57 227
56 227
55 224
56 224
57 224
56 222
56 219
57 219
57 222
61 223
61 220
63 217
63 216
63 210
57 212
56 212
55 212
51 214
48 209
48 210
48 212
48 214
48 215
48 216
48 217
48 220
51 220
51 223
48 222
48 224
48 226
51 226
51 228
48 227
48 229
48 230
48 231
48 233
48 235
48 236
48 238
51 238
54 233
55 233
57 233
56 234
55 236
56 236
57 236
61 235
63 240
63 241
57 243
55 243
56 243
58 248
61 251
57 252
51 245
48 239
48 240
48 241
48 244
48 246
51 251
48 256
48 258
35 264
34 264
33 264
32 264
28 258
35 255
38 258
40 250
40 248
34 252
28 254
25 250
25 248
25 241
25 238
25 237
25 236
28 235
33 240
34 240
39 241
40 238
40 237
41 233
41 234
38 235
35 232
34 232
33 232
32 232
34 229
33 229
32 229
28 231
25 232
25 231
25 229
25 227
25 225
25 223
25 221
28 223
28 226
32 224
33 224
34 224
33 221
34 221
38 220
34 219
33 219
32 221
28 220
25 219
25 217
25 215
25 214
25 212
28 213
33 212
34 212
38 213
40 217
40 215
41 206
40 205
34 209
33 209
32 209
28 211
25 211
25 209
25 207
25 206
25 205
25 201
25 199
25 193
25 191
25 189
28 192
34 195
40 182
40 184
34 186
33 186
32 186
28 188
25 187
25 184
25 182
25 179
25 177
25 174
28 178
32 176
33 176
34 176
40 169
40 167
40 166
40 165
34 171
33 171
32 171
28 173
25 172
25 169
25 167
25 166
25 165
25 164
25 162
25 160
28 161
32 159
33 159
34 159
28 156
25 157
25 155
25 152
18 149
17 157
11 159
10 159
9 159
5 161
5 165
5 167
9 168
10 166
11 166
10 168
11 168
15 167
15 172
11 171
11 173
10 173
11 176
15 177
15 179
11 178
11 180
10 180
9 180
10 178
10 176
9 173
10 171
5 170
