2360.0 1894.18 0.0 411
48 23
48 21
48 19
48 13
48 6
51 18
55 19
57 16
48 25
48 27
54 26
57 27
58 26
61 26
48 29
48 31
48 33
51 38
55 35
56 35
57 35
57 34
58 35
61 38
64 37
71 36
78 36
80 34
84 34
71 33
71 31
71 29
71 27
71 25
74 25
79 24
80 20
84 21
80 17
80 27
80 24
84 25
74 21
71 17
71 15
64 13
63 6
61 0
62 0
60 0
71 13
71 12
74 11
79 10
80 10
84 11
86 6
86 13
94 11
97 8
97 6
97 12
101 15
97 18
94 23
97 24
101 27
97 30
102 27
103 27
104 27
107 30
110 29
110 31
110 32
107 35
110 37
110 38
110 40
110 41
110 42
122 45
110 45
110 46
110 48
110 49
110 50
110 54
110 56
107 56
103 60
104 53
103 51
102 50
101 50
97 48
100 50
103 53
102 53
101 53
97 56
110 57
110 58
110 70
110 73
103 75
95 73
94 72
94 71
87 69
86 70
87 77
86 78
86 84
87 85
94 86
94 87
95 88
97 91
103 90
107 91
108 97
110 88
110 85
86 89
104 36
103 36
102 34
103 34
102 36
101 36
100 36
97 40
100 42
101 42
102 42
103 43
97 35
94 34
110 28
101 22
102 22
103 22
94 25
102 15
103 15
104 15
107 18
110 17
110 19
110 20
110 16
101 10
102 10
103 10
107 8
107 6
108 0
103 5
94 13
86 14
86 15
87 17
71 10
71 6
71 38
71 40
71 42
71 47
74 46
77 43
80 44
79 47
80 49
80 47
84 48
81 43
84 43
74 48
64 39
64 40
64 36
61 34
55 42
57 46
57 51
56 51
51 52
48 51
48 45
48 44
48 43
48 53
48 54
48 56
48 58
61 52
63 54
63 55
63 56
64 58
64 62
64 63
64 65
64 66
71 70
71 71
71 77
71 78
71 84
71 85
71 89
61 64
58 61
57 61
56 61
57 58
55 61
51 64
48 69
51 70
55 73
57 77
57 82
51 84
51 86
51 89
51 91
57 85
61 86
61 89
61 91
57 88
55 68
56 68
57 68
48 71
48 74
48 75
48 76
41 71
41 74
38 78
38 82
34 76
33 77
32 79
33 81
32 83
34 85
32 76
31 76
28 79
25 78
25 79
25 82
28 83
28 87
28 91
25 83
25 76
26 74
25 73
25 72
17 72
17 73
17 74
11 76
17 69
17 68
17 67
17 66
18 62
17 60
11 62
17 59
17 58
15 56
15 54
15 52
15 50
11 49
10 49
11 45
10 53
11 53
5 50
5 52
5 54
2 54
5 56
2 57
2 58
2 60
2 62
0 66
2 66
2 67
2 68
2 69
2 71
2 72
2 74
2 76
2 78
2 81
5 85
11 83
17 81
11 86
5 88
5 92
13 97
2 50
2 47
0 46
0 45
0 44
2 43
2 45
2 41
2 40
0 39
0 40
0 41
0 38
2 38
5 38
10 37
11 37
15 38
17 41
17 42
17 43
2 35
5 34
9 32
10 32
11 29
17 27
18 29
25 27
28 23
28 21
28 18
25 15
25 13
28 8
34 9
38 8
35 5
25 29
25 32
28 32
28 34
32 35
33 31
34 31
38 32
40 29
40 27
38 23
38 21
38 18
34 17
34 20
38 34
33 35
34 35
28 37
25 36
25 38
25 40
28 41
25 42
25 44
28 45
25 46
25 49
28 50
32 48
33 48
34 48
25 51
25 53
28 54
25 55
25 57
28 58
34 61
25 59
17 26
17 25
11 32
2 33
2 29
2 27
2 25
2 24
2 22
5 21
9 19
10 19
11 19
2 20
2 15
2 13
5 8
11 9
15 8
12 5
48 23
