2248.0 747.637 220.734 395
40 68
41 69
41 73
41 74
38 75
41 76
41 77
40 83
38 80
34 79
25 89
25 83
28 80
28 75
32 72
33 72
34 72
35 72
28 63
25 68
25 69
25 70
18 67
17 65
17 64
17 63
11 67
9 70
15 77
12 77
11 78
8 77
5 80
5 84
0 81
2 76
2 74
2 72
2 70
2 67
2 65
2 63
2 62
2 60
2 58
5 59
8 56
9 57
10 57
11 57
12 56
15 56
9 49
2 55
2 53
2 51
0 51
0 50
0 49
2 49
0 48
0 47
0 46
0 45
2 46
2 45
0 44
0 43
0 42
2 39
2 38
2 32
2 31
0 29
0 22
0 15
0 8
5 8
12 5
15 8
11 10
18 30
17 31
18 38
17 39
17 45
18 46
25 44
25 42
28 42
26 39
25 38
25 37
34 26
38 25
34 24
34 21
33 24
28 25
25 24
25 21
25 19
25 17
25 16
25 10
28 15
34 13
41 10
40 17
40 18
40 19
41 21
48 15
48 11
51 13
51 11
51 8
56 10
57 10
58 5
61 0
86 6
80 10
71 6
61 8
61 11
61 13
57 14
56 14
55 14
51 16
48 17
48 19
51 20
48 21
48 23
51 24
48 25
48 28
48 30
48 32
51 29
55 27
56 27
57 27
57 45
63 43
63 42
63 41
71 36
71 37
72 38
74 41
74 43
71 46
71 48
74 47
78 45
80 40
84 41
87 38
87 35
71 21
71 22
72 23
80 25
87 23
87 20
94 19
97 15
104 12
103 12
102 12
101 12
97 11
97 7
103 5
108 0
110 13
110 14
107 15
110 16
110 17
107 20
110 22
110 23
107 24
104 21
103 21
102 21
103 19
102 19
101 21
97 20
97 24
100 28
97 32
100 34
101 34
102 34
103 35
101 28
102 28
103 28
104 28
110 25
110 26
110 29
110 30
110 32
110 33
110 34
110 37
110 38
110 40
110 41
110 42
122 45
109 46
109 47
109 48
110 50
103 50
109 55
109 57
103 59
103 66
103 67
107 66
107 74
103 74
103 75
101 75
102 75
104 80
107 83
108 89
97 83
97 77
94 78
94 76
94 73
94 71
94 69
94 67
94 65
94 63
94 61
94 59
94 57
94 55
94 50
94 48
94 46
103 43
102 42
101 42
100 42
97 40
94 45
84 43
80 45
79 45
80 50
79 50
78 50
74 52
71 51
71 53
71 56
74 56
77 58
78 58
79 55
80 55
80 58
84 56
84 60
84 64
84 68
80 67
78 65
79 63
78 61
79 59
74 61
71 58
71 60
71 61
71 64
71 65
74 65
74 68
78 71
80 75
81 80
84 83
74 83
71 74
71 73
71 72
64 77
63 75
63 74
63 73
61 71
61 69
57 68
56 68
57 77
57 80
62 89
61 89
60 89
51 82
48 77
48 75
48 73
48 72
51 71
51 69
48 69
48 66
48 64
48 62
48 60
48 59
51 58
57 64
63 62
63 61
63 60
61 58
61 56
63 52
63 50
63 51
63 53
57 55
56 55
51 56
48 56
48 53
48 52
48 51
48 50
48 47
48 45
48 43
48 41
48 40
48 38
48 36
51 37
51 33
48 34
41 36
41 39
38 42
38 45
41 47
41 48
41 50
41 51
38 49
35 46
34 46
33 46
34 44
34 41
33 41
33 44
32 46
28 45
28 49
25 54
25 56
25 58
28 59
28 55
32 53
33 53
34 53
34 58
33 58
32 60
33 60
34 60
35 60
38 59
38 63
41 61
41 62
41 64
41 65
40 68
