2538.0 2013.06 0.0 436
94 42
94 41
94 48
94 49
94 55
94 56
94 60
94 62
97 61
101 59
102 59
103 59
109 55
109 49
110 48
122 45
109 41
110 40
110 56
94 64
94 66
97 65
94 68
97 69
101 72
97 75
97 81
102 72
103 72
104 72
107 75
110 75
122 73
110 73
110 76
110 77
110 79
110 81
107 81
103 85
110 82
110 83
94 70
87 70
87 72
87 73
87 76
87 77
87 79
87 80
87 81
87 84
87 85
87 87
87 88
87 89
94 96
94 97
95 98
97 101
108 101
110 98
110 95
87 69
84 71
81 68
80 68
79 68
78 68
74 67
74 71
77 75
74 79
77 81
74 87
77 89
74 95
78 89
79 89
80 90
81 92
84 95
78 81
79 81
80 82
78 75
79 75
80 75
81 75
71 67
71 64
71 62
74 63
71 60
71 58
74 59
71 56
71 54
74 55
71 51
71 49
74 49
74 51
78 53
79 53
80 53
84 51
84 49
80 48
80 44
86 42
86 41
86 40
79 48
71 46
71 44
71 42
71 40
74 37
74 33
74 30
80 28
87 25
80 31
71 25
71 39
64 46
64 49
61 52
61 54
63 56
63 57
63 58
64 60
57 51
56 51
51 52
51 54
48 52
49 49
48 48
48 47
48 55
48 56
48 58
48 60
51 64
48 68
48 69
48 70
55 67
57 63
61 64
57 60
57 71
55 76
56 76
57 76
51 78
48 77
48 79
48 81
51 82
48 83
51 88
57 89
60 101
61 101
62 101
61 88
58 85
48 93
48 95
41 78
41 80
41 81
38 84
34 83
34 86
34 89
33 83
41 77
38 79
35 76
38 75
34 75
33 76
34 76
32 76
28 79
28 84
28 88
28 91
28 95
25 84
25 74
25 72
25 70
25 68
25 66
25 64
25 62
25 60
25 57
28 57
33 56
34 60
34 67
38 67
34 68
34 52
34 56
38 57
38 59
28 59
25 54
25 52
25 50
25 48
25 47
25 45
25 43
25 39
25 37
25 35
25 34
25 32
28 32
33 31
34 31
38 32
40 35
48 33
51 34
48 30
51 30
54 27
55 27
56 28
55 30
56 32
55 34
57 36
57 27
61 29
63 25
63 24
63 23
63 22
64 18
61 33
48 29
48 27
48 25
48 24
48 23
48 22
48 18
48 11
51 8
51 6
57 5
60 0
61 0
62 0
61 6
61 8
63 11
71 9
74 6
80 5
84 6
86 9
94 16
94 17
95 18
103 20
110 18
110 15
103 5
108 0
80 15
48 34
40 36
40 37
34 39
41 39
40 43
40 45
40 48
40 49
40 50
25 29
25 27
28 28
32 26
33 26
34 26
25 24
25 22
28 23
32 21
34 17
38 18
33 21
34 21
28 18
25 15
25 13
28 8
34 9
38 8
35 5
18 17
17 15
17 14
17 13
15 11
12 8
11 5
15 21
11 22
10 22
9 22
10 20
11 17
11 20
5 21
2 20
0 22
2 23
5 24
2 25
0 29
5 30
0 32
2 35
5 35
5 37
9 38
10 34
11 34
15 35
18 32
18 31
15 30
12 27
11 27
10 27
9 27
18 29
18 28
15 37
2 38
2 40
2 42
2 44
0 43
0 44
0 45
0 46
2 47
5 48
9 51
10 51
11 51
12 51
15 54
18 53
18 55
18 56
15 59
11 58
9 63
10 58
17 61
18 52
8 45
9 46
10 46
11 46
12 45
15 45
2 49
0 53
5 54
2 58
5 59
0 60
2 61
2 63
2 65
2 67
2 69
2 71
5 72
8 70
10 71
9 73
11 77
11 71
12 70
15 70
15 72
0 73
2 74
2 75
0 79
0 81
2 82
2 83
2 85
2 87
5 91
11 90
15 91
18 87
17 85
17 84
17 83
15 93
11 87
5 93
0 87
2 76
0 74
0 67
0 39
2 17
2 15
2 13
2 12
0 8
5 11
5 7
0 15
94 42
