2402.0 686.052 252.249 423
94 41
94 42
95 43
94 45
94 47
94 48
97 48
100 45
101 45
102 46
103 45
110 40
110 43
107 47
107 51
107 55
103 54
103 65
102 65
101 70
102 70
103 70
104 70
103 77
107 73
110 71
110 72
110 74
110 75
107 78
109 81
103 83
103 86
108 97
97 92
97 88
97 85
94 81
97 78
97 73
94 68
94 66
97 67
101 65
103 60
101 56
102 54
101 52
102 50
101 48
97 52
94 51
94 52
94 54
97 55
94 57
94 58
94 59
87 57
87 58
87 60
87 61
87 62
87 65
87 66
87 68
87 69
87 70
80 63
79 62
78 62
81 56
80 56
79 56
78 56
77 56
74 60
77 62
74 68
77 70
78 70
79 70
80 71
80 73
79 73
78 73
74 75
71 74
71 76
71 78
74 79
71 80
71 82
74 83
71 84
71 87
74 87
80 88
84 89
84 91
74 89
74 91
62 97
61 97
60 97
61 92
58 89
57 86
51 92
51 88
51 83
48 84
48 82
48 80
51 79
48 78
41 85
38 89
38 91
28 91
25 97
15 89
15 85
15 82
12 79
11 76
10 73
9 73
11 73
11 70
11 67
10 70
9 70
5 72
5 75
5 78
5 82
9 83
10 84
9 86
10 88
9 90
5 90
5 86
0 82
0 76
2 75
2 73
2 72
2 70
0 69
2 67
2 65
2 63
0 63
2 62
0 57
0 51
0 45
0 44
0 43
2 44
2 42
2 40
2 38
2 36
9 38
11 33
10 33
9 33
5 35
2 34
0 28
0 27
0 26
0 25
2 24
5 25
5 29
9 26
10 26
11 24
10 24
11 26
12 26
15 25
15 29
18 31
18 30
18 28
18 27
18 22
18 21
18 19
18 18
15 20
12 17
11 17
15 15
11 14
10 14
10 17
9 17
5 20
5 15
2 15
0 12
2 11
2 9
11 5
25 6
25 13
25 17
28 18
32 19
33 17
34 17
33 19
34 19
38 18
41 13
40 6
48 14
48 13
48 12
51 9
51 7
57 5
60 0
61 0
62 0
61 9
57 8
55 11
57 15
64 21
71 17
71 13
71 6
74 18
79 17
80 17
80 19
84 18
87 13
86 6
94 9
94 11
97 14
103 13
103 5
108 0
107 14
109 19
109 20
109 21
110 23
103 23
104 26
107 29
103 30
97 29
94 18
94 19
94 21
94 23
87 29
87 32
80 34
72 32
71 31
71 30
64 32
63 30
63 29
63 28
64 25
64 24
64 22
61 23
58 20
57 20
56 20
55 20
51 23
48 27
48 28
48 30
48 32
48 36
38 31
40 33
40 34
40 35
41 37
40 41
40 42
40 43
34 49
34 45
34 37
35 31
31 31
32 24
28 21
25 20
25 22
25 24
25 26
25 28
25 30
25 32
25 33
25 35
25 37
25 40
25 41
25 43
25 45
25 47
17 49
17 47
15 45
12 45
11 51
8 45
2 47
2 49
2 51
2 53
2 55
2 57
2 60
5 60
10 59
11 59
11 58
15 58
15 60
17 63
17 64
17 65
18 67
25 70
25 71
25 77
25 78
25 84
25 85
28 89
34 88
40 84
40 78
41 77
48 76
51 75
48 74
48 71
51 71
55 73
56 73
57 73
61 71
61 69
63 62
63 61
63 60
61 58
57 58
57 64
57 68
56 68
51 69
48 69
41 69
40 70
48 66
48 64
48 62
48 60
48 59
48 57
48 55
48 53
48 51
48 47
48 46
48 45
48 44
48 40
51 42
51 40
51 38
51 36
57 32
57 35
56 35
56 39
57 39
61 36
61 38
61 40
61 42
63 44
63 45
63 46
63 47
57 51
71 45
71 46
72 47
74 52
78 49
79 49
80 49
81 49
84 52
87 54
87 53
87 51
87 50
87 47
87 44
94 41
