13912.0 8565.29 751.801 2566
288 104
291 104
291 95
285 97
278 99
278 101
278 103
264 101
245 108
235 103
235 108
232 113
232 117
235 116
239 113
240 113
241 113
242 113
239 117
240 117
241 117
242 117
245 116
248 115
248 114
248 118
248 119
245 120
248 123
255 122
255 123
248 124
247 127
248 131
255 133
255 134
255 136
256 137
248 137
247 136
247 133
242 121
241 121
240 121
239 121
238 121
235 120
232 122
235 125
232 128
232 127
233 130
232 132
232 133
232 136
232 137
232 138
232 143
232 145
232 147
235 148
232 149
232 151
235 151
238 152
239 149
240 147
241 147
240 149
241 149
245 148
247 145
247 143
255 148
255 149
255 150
255 151
245 154
241 152
239 152
240 153
241 155
241 158
240 155
239 155
232 152
232 154
232 155
232 157
235 157
235 160
235 164
232 167
232 168
232 170
232 171
235 175
247 167
247 171
241 173
239 178
232 178
232 180
232 182
232 184
232 186
232 188
232 190
232 192
238 185
239 186
242 185
245 185
255 186
255 184
255 182
255 180
255 178
255 177
255 176
255 174
264 167
262 167
264 175
268 178
262 176
262 180
261 187
264 188
268 187
265 187
264 191
268 203
258 197
258 193
258 190
247 195
245 193
242 193
238 193
232 195
234 203
233 203
232 203
218 203
217 203
216 203
224 195
222 192
218 189
222 187
216 190
215 185
216 185
217 186
218 185
222 183
222 178
219 178
218 180
216 181
215 178
209 177
209 175
209 179
209 181
209 182
209 183
209 185
209 187
209 188
209 190
209 191
209 192
209 195
201 185
202 192
195 195
189 197
186 192
178 191
176 188
173 185
172 177
166 178
166 180
163 182
163 183
166 188
172 194
166 196
163 192
163 191
153 190
153 193
153 195
149 192
143 193
143 195
132 195
130 192
130 190
130 187
126 189
120 190
120 192
117 195
108 203
110 194
109 187
107 185
103 184
102 184
97 185
94 187
94 194
89 203
90 203
87 185
94 184
94 182
94 181
94 178
94 177
97 171
97 175
109 181
109 178
109 182
117 180
117 184
120 185
120 187
126 186
125 184
126 184
130 185
133 180
126 170
117 164
117 163
117 162
117 160
117 159
117 157
117 155
120 154
123 155
124 151
125 151
126 151
127 151
124 155
125 156
126 155
130 154
133 153
133 152
132 149
132 148
132 145
132 143
133 137
132 136
132 133
133 131
140 139
140 138
140 137
140 134
140 133
141 131
140 128
140 129
143 126
143 122
149 120
150 123
153 126
155 128
156 132
163 125
163 126
164 128
163 130
163 131
163 134
163 135
163 136
163 141
163 143
163 146
163 147
164 149
163 151
163 152
163 155
163 156
163 157
163 162
163 164
155 146
155 144
156 138
155 137
155 134
149 148
148 148
140 144
140 146
140 150
130 157
132 159
132 160
132 163
132 164
140 168
140 175
140 178
140 179
140 185
140 187
143 190
149 189
149 181
155 179
156 175
155 168
163 170
163 172
166 175
172 174
176 175
176 178
176 180
178 183
186 185
189 182
186 179
186 178
189 175
195 181
199 182
201 179
201 167
201 165
195 169
189 171
186 167
186 165
186 160
186 159
186 158
186 155
186 154
187 152
186 150
186 149
178 162
178 164
172 166
179 156
178 155
178 152
179 150
178 146
178 143
178 141
186 146
186 144
186 139
186 138
186 137
186 134
186 133
187 131
186 129
179 135
178 134
178 131
178 125
179 129
186 128
186 125
186 123
186 118
186 117
186 116
186 113
186 112
187 110
186 108
186 107
189 103
195 94
199 93
196 90
195 79
194 79
193 79
189 81
186 80
186 82
189 85
186 84
186 86
186 89
189 89
189 93
186 98
186 100
178 99
178 103
172 105
171 105
163 107
163 103
163 102
163 99
166 97
163 97
163 94
166 93
163 92
163 90
163 88
149 101
148 101
140 103
140 91
140 87
149 90
148 90
143 87
140 84
140 82
143 83
140 80
140 78
143 79
147 77
148 77
149 77
155 74
153 71
149 70
143 71
140 74
132 78
132 77
132 74
132 73
124 68
125 68
126 68
127 68
130 71
133 70
133 69
132 66
132 60
132 59
132 58
132 57
130 47
133 46
133 45
130 43
133 39
133 40
130 41
127 44
126 44
125 44
126 42
125 42
124 38
125 38
126 38
127 38
130 37
130 34
130 32
126 31
125 31
125 33
126 33
126 35
125 36
124 35
123 35
120 34
120 32
120 28
120 26
117 31
117 33
117 35
117 37
117 38
117 42
120 41
120 43
124 44
126 48
117 44
120 47
120 50
120 54
117 57
117 58
117 59
117 60
117 62
126 62
125 62
124 62
120 64
117 64
117 65
117 66
117 68
117 72
120 71
117 73
117 74
117 76
117 77
117 78
117 80
109 79
109 78
107 84
104 81
103 85
97 84
94 89
94 91
94 95
94 98
94 100
94 102
94 104
97 96
100 98
101 98
102 99
103 98
103 95
102 95
107 96
107 100
107 104
103 102
103 105
102 103
101 102
100 102
97 107
94 108
94 109
94 110
94 111
94 114
97 115
103 114
102 114
109 109
109 110
109 111
107 115
107 117
109 122
117 120
117 119
117 118
117 116
117 115
120 109
120 113
117 108
117 104
117 103
117 102
117 99
117 98
117 95
120 96
120 94
117 89
120 83
124 80
125 80
126 80
127 80
130 83
133 82
133 81
133 89
125 95
126 92
126 95
130 96
132 99
132 103
132 104
125 108
126 108
127 110
130 113
130 109
132 116
132 115
130 121
132 127
126 122
126 118
125 118
124 118
123 118
120 121
120 124
117 127
117 128
118 130
117 132
117 133
117 136
117 137
117 138
117 143
117 145
117 148
117 149
117 151
109 149
109 148
109 145
109 143
110 137
109 136
109 133
110 131
109 127
102 118
103 118
103 116
102 116
101 118
97 117
94 116
94 118
94 120
97 120
94 121
94 122
94 127
94 128
95 130
94 132
94 133
94 136
94 137
94 138
94 143
94 145
94 147
94 148
94 149
94 151
94 153
94 154
97 155
101 156
102 154
102 152
103 151
101 151
100 151
103 154
107 153
107 155
102 156
103 156
104 159
107 162
103 163
101 163
102 163
103 166
103 169
97 168
97 165
94 165
94 163
97 162
97 158
94 158
94 156
87 158
86 160
86 163
87 164
86 170
86 172
86 175
86 178
71 178
71 177
71 175
71 174
71 172
71 170
55 166
57 166
63 174
64 178
63 180
63 183
64 184
71 185
74 190
80 188
80 191
74 193
74 197
72 203
63 190
63 192
57 194
63 203
54 203
53 203
51 196
48 192
48 190
48 185
48 184
48 183
48 180
48 179
49 177
48 175
48 174
41 181
40 180
40 177
41 175
40 171
40 168
40 166
41 160
40 159
40 156
41 154
40 150
40 147
40 145
48 150
48 149
48 148
48 147
49 136
48 135
48 133
48 132
41 139
40 138
40 135
41 133
40 129
40 126
40 124
48 122
48 121
41 118
40 117
40 114
41 112
40 108
40 105
40 102
40 99
40 98
38 96
41 95
41 94
40 91
40 90
40 87
40 86
35 93
34 93
33 93
32 93
28 96
25 102
25 101
25 99
25 98
25 97
25 93
25 91
25 90
25 89
25 87
25 86
25 85
25 84
28 84
25 82
28 81
32 82
32 78
33 78
34 78
35 78
33 82
34 82
38 81
41 80
41 79
38 74
38 72
40 66
40 65
38 63
38 61
41 58
41 57
41 53
41 52
35 55
34 55
33 55
32 55
31 55
32 50
33 50
34 50
35 50
34 47
33 47
32 47
31 50
28 49
28 46
31 42
32 42
33 42
34 42
35 42
38 38
41 37
41 36
40 40
41 45
41 44
48 46
48 45
51 43
48 44
48 40
48 39
48 37
48 35
48 32
38 34
34 32
35 35
34 35
33 35
32 35
33 33
32 32
31 32
28 31
25 32
25 34
25 35
28 38
25 40
25 43
25 47
25 49
25 51
28 54
25 56
25 60
25 62
28 63
28 61
28 59
34 60
33 60
33 62
34 62
34 68
34 71
33 68
32 68
28 70
28 72
28 74
25 78
25 70
25 68
25 66
25 65
25 64
18 66
18 67
15 68
15 71
17 73
17 74
17 79
17 80
17 81
15 77
10 76
11 76
11 69
10 70
9 69
8 69
10 65
11 65
12 65
15 64
17 60
17 59
11 62
9 62
8 62
10 63
9 65
5 68
5 77
2 78
2 79
2 80
2 81
2 83
2 84
2 85
5 86
8 83
9 83
10 83
11 83
15 86
17 88
17 89
9 91
11 91
10 91
11 94
10 94
9 94
5 93
5 96
2 102
2 106
2 107
3 109
2 111
2 112
2 115
2 116
2 117
2 122
2 124
2 127
2 128
3 130
2 132
2 133
2 136
2 137
2 138
11 145
10 165
11 165
17 163
17 160
17 156
17 153
17 150
17 143
18 137
17 136
17 133
18 131
17 127
17 124
17 122
18 116
17 115
17 112
18 110
17 106
18 102
25 104
25 105
25 108
25 109
26 111
25 113
25 114
25 117
25 118
25 119
25 124
25 126
25 129
25 130
26 132
25 134
25 135
25 138
25 139
25 140
25 145
25 147
25 150
25 151
26 153
25 155
25 156
25 159
25 160
25 161
25 166
25 168
25 171
25 172
26 174
25 176
25 177
25 180
25 181
25 182
25 187
25 189
25 191
25 192
34 194
40 187
40 189
40 192
38 195
36 203
28 195
18 203
17 203
16 203
15 203
11 189
2 195
0 193
2 193
0 184
2 179
10 178
11 178
0 175
0 166
2 166
2 163
2 160
2 159
2 157
2 156
2 153
2 152
2 150
2 149
0 148
0 145
2 143
0 139
0 136
0 130
0 127
0 121
0 118
0 112
0 111
0 103
0 102
0 100
2 96
2 94
2 93
2 91
0 91
2 89
2 88
2 87
0 82
2 76
2 74
2 73
0 73
2 72
2 71
2 69
2 65
2 64
0 64
2 62
2 60
2 59
2 58
5 55
0 55
2 51
5 52
5 48
5 44
2 44
0 46
0 43
2 42
2 40
5 41
10 40
9 42
10 42
10 51
11 53
11 51
15 52
15 48
12 45
11 42
11 40
15 41
10 37
11 37
9 37
5 39
2 39
2 37
0 37
2 35
2 34
2 33
0 33
0 32
2 32
2 30
5 31
10 30
11 30
15 31
17 35
17 34
17 33
17 27
17 28
17 26
2 28
2 27
0 28
2 26
2 25
2 23
5 23
2 21
0 19
2 18
2 16
5 19
9 21
10 18
11 18
10 21
11 21
15 19
17 16
15 11
12 8
11 5
11 12
10 12
9 12
5 11
5 14
2 14
2 12
0 10
5 7
8 0
14 0
15 0
16 0
17 0
18 0
28 7
28 11
25 12
28 13
25 14
25 16
25 18
25 19
28 15
31 16
32 16
34 14
33 14
33 12
34 12
35 8
34 5
36 0
37 0
38 0
38 11
38 13
38 15
38 18
38 20
38 23
34 19
34 16
33 17
33 19
28 20
25 21
25 23
25 25
28 28
31 21
33 22
32 21
34 21
35 25
34 25
33 25
32 25
34 29
38 28
41 27
41 26
48 25
48 27
51 30
51 36
54 37
55 40
56 40
57 40
58 40
57 37
56 38
55 37
56 35
57 35
61 36
61 39
64 41
64 42
61 43
63 45
63 46
61 51
58 48
55 52
51 51
51 55
55 55
56 53
56 57
55 59
51 59
48 65
48 67
51 70
57 69
57 72
51 73
51 75
48 80
48 81
49 83
48 85
48 86
48 89
48 90
48 91
48 96
48 98
57 100
63 98
63 96
64 90
63 89
63 86
64 84
63 80
61 75
61 73
61 70
57 61
61 58
61 54
71 59
71 61
71 66
71 67
72 69
71 71
71 72
71 75
71 76
71 77
71 82
71 84
71 87
71 88
72 90
71 92
71 93
71 96
71 97
71 98
71 103
71 105
71 108
71 109
72 111
71 113
71 114
71 117
71 118
71 119
64 120
63 121
71 124
71 131
71 132
64 131
64 137
72 134
71 136
71 137
71 140
71 141
71 142
71 147
63 147
63 149
64 150
71 154
71 155
72 157
71 159
71 160
71 163
71 164
71 165
80 149
86 154
86 147
87 141
86 140
86 137
87 135
86 131
80 126
86 124
87 118
86 117
86 114
87 112
86 108
86 105
86 103
87 97
86 96
86 93
87 91
86 87
86 84
86 82
87 76
86 75
86 72
87 70
94 75
94 73
94 77
94 78
94 79
97 75
101 73
102 73
103 73
109 71
109 70
110 67
110 66
110 61
110 62
107 63
104 64
103 64
102 64
101 64
100 64
101 60
102 60
103 60
104 60
107 59
110 58
110 57
107 52
107 55
104 56
103 56
102 56
102 54
103 54
103 51
102 51
100 44
101 44
102 44
103 44
104 44
107 43
110 46
110 47
110 42
110 41
107 39
107 37
107 33
110 32
110 31
107 29
104 30
103 30
102 30
101 30
102 28
103 27
101 27
100 27
94 27
94 29
94 30
97 33
100 34
101 34
102 34
103 34
102 38
103 38
104 40
103 40
102 40
101 40
97 39
97 37
94 34
94 35
94 36
94 38
94 40
97 43
94 45
97 48
94 51
97 52
94 54
97 55
101 56
97 59
94 56
94 60
97 63
94 65
94 69
97 68
94 70
94 71
86 66
80 55
74 54
71 49
71 48
71 47
71 46
71 44
71 42
71 41
71 40
71 36
71 35
71 34
74 33
77 44
78 44
79 45
80 44
84 46
81 51
84 54
86 49
86 48
86 42
86 41
86 36
86 35
84 33
84 31
86 27
86 26
84 24
80 23
79 23
80 29
80 32
79 32
79 30
78 29
77 29
74 24
71 25
71 26
71 27
71 29
71 31
71 32
64 29
64 28
63 32
61 30
58 27
57 27
56 27
55 27
51 26
51 24
51 20
51 17
48 17
48 15
48 12
51 11
51 7
51 13
56 12
57 12
58 8
57 5
52 0
54 0
53 0
63 0
61 11
61 13
56 15
57 15
55 15
57 18
58 21
56 25
57 25
61 24
61 26
71 23
71 21
71 20
71 19
71 16
71 9
74 6
72 0
73 0
74 0
80 5
84 6
87 0
88 0
89 0
90 0
86 9
87 16
86 20
86 21
94 25
94 23
97 18
103 19
101 15
102 15
103 15
104 15
103 12
102 12
101 12
97 14
94 15
94 14
94 12
94 9
97 6
103 5
109 0
108 0
107 6
109 9
110 16
110 17
107 18
117 21
117 20
120 18
117 19
117 15
117 12
117 14
120 14
127 23
126 27
130 28
130 26
132 21
132 20
133 17
133 16
130 18
127 15
126 15
125 15
124 15
126 12
125 12
124 12
120 8
120 6
126 5
126 0
130 6
130 8
144 0
143 7
149 5
150 8
153 11
149 12
143 11
140 16
140 18
149 21
148 21
147 21
143 23
140 22
140 24
143 27
140 26
140 28
140 31
143 31
147 32
148 32
149 32
143 34
140 33
140 35
143 38
140 37
140 39
143 42
140 42
140 43
140 47
143 50
140 53
143 46
147 43
148 43
149 43
150 43
147 47
148 51
149 51
148 47
149 47
150 47
153 46
153 50
156 49
156 48
156 45
156 44
163 36
163 34
163 32
163 31
163 29
163 28
163 26
163 23
163 16
163 13
163 12
166 11
166 7
162 0
172 5
173 8
176 11
178 13
178 16
179 23
176 28
172 29
171 29
172 32
171 32
172 35
171 35
170 32
170 29
171 27
172 26
170 26
169 26
166 31
166 34
163 44
163 47
166 45
166 50
163 51
163 53
166 53
166 55
163 57
163 59
169 57
170 57
172 57
171 58
172 54
171 51
172 51
170 51
169 46
170 46
171 44
172 44
171 46
172 46
173 46
176 45
179 48
179 49
176 55
176 59
173 60
176 63
176 67
172 66
171 66
172 68
172 71
171 68
170 68
166 70
166 67
166 63
163 66
163 68
163 70
166 73
171 75
172 75
176 76
173 77
172 77
171 77
170 77
166 76
163 75
163 77
163 81
166 80
166 82
163 83
166 86
166 89
170 87
171 87
172 87
170 83
171 81
172 81
171 83
172 83
173 83
176 86
179 85
179 84
176 82
176 80
179 78
179 79
189 78
186 75
186 72
186 70
189 66
189 71
189 73
192 74
193 74
194 72
194 70
195 70
195 72
194 74
195 74
196 74
202 77
202 76
199 73
199 71
199 66
196 63
195 63
194 63
193 63
189 59
186 54
189 55
189 50
189 48
186 45
189 44
186 43
186 41
189 40
186 39
186 36
186 35
186 34
186 31
186 27
189 23
189 30
189 32
194 31
195 31
193 27
194 27
195 27
196 27
199 23
202 23
202 21
199 19
196 20
195 20
194 20
195 18
194 18
193 20
189 19
186 18
186 13
186 6
190 0
199 0
206 0
208 0
201 6
202 13
212 7
217 0
226 0
218 5
219 8
222 11
218 12
212 11
209 16
209 18
209 20
209 21
209 22
209 24
209 26
212 26
216 24
217 27
217 24
218 24
224 22
224 21
232 18
232 17
232 15
232 13
235 13
235 8
235 6
235 0
245 0
244 0
245 6
245 8
241 5
240 12
241 12
240 15
241 15
245 13
245 19
241 18
241 20
240 20
241 23
245 24
245 26
241 25
241 27
240 25
240 23
239 20
240 18
239 15
235 17
235 19
232 20
232 22
232 23
235 22
235 24
235 26
232 25
232 31
232 33
235 36
241 35
245 36
240 40
241 40
239 40
235 42
235 46
235 50
232 50
232 47
232 45
232 43
232 41
224 39
225 40
222 28
218 27
218 29
217 29
216 29
212 28
209 27
209 30
212 31
209 32
209 34
212 35
209 36
209 39
209 40
209 41
209 45
212 46
216 44
217 44
218 44
218 51
217 51
212 50
209 50
209 53
209 47
201 34
202 35
202 29
202 28
202 25
202 24
199 30
199 32
195 38
194 38
193 38
195 47
199 48
199 50
199 55
195 54
194 54
194 56
193 56
195 56
196 56
199 59
202 59
202 57
202 60
202 61
202 64
202 66
202 68
202 67
209 70
212 73
216 70
217 70
218 70
219 70
225 71
225 72
222 73
218 74
217 74
216 74
212 76
209 75
209 77
209 79
212 80
209 81
209 84
212 84
212 88
212 92
209 98
199 103
195 102
201 107
202 111
201 113
201 116
202 117
201 123
201 125
201 128
202 132
201 134
201 137
202 138
201 144
201 146
201 149
202 153
201 155
201 158
202 159
209 158
209 163
209 165
209 167
209 169
209 171
209 173
215 170
216 171
219 170
222 170
216 163
225 158
225 151
225 150
225 145
225 146
222 147
219 148
218 148
217 148
216 148
215 148
212 152
209 149
212 147
209 144
212 143
216 144
217 144
218 144
219 144
222 143
225 142
225 141
225 137
225 138
219 140
218 140
217 140
216 140
212 139
209 140
209 136
209 133
212 134
215 135
216 135
217 133
218 133
217 135
218 135
219 135
222 134
224 131
222 127
219 124
218 121
209 131
209 130
212 127
212 123
209 104
209 100
218 102
217 102
218 94
216 92
217 90
216 88
216 85
217 86
222 91
222 87
235 99
238 100
245 103
245 99
242 96
241 94
240 93
238 93
239 93
235 91
238 87
239 87
240 87
239 84
235 82
232 76
235 77
238 78
238 84
240 84
241 85
242 87
241 87
248 93
248 92
248 91
248 89
248 88
248 84
248 83
248 82
248 80
248 79
245 77
242 78
241 78
240 78
239 78
241 76
240 76
241 74
240 73
238 73
239 73
235 71
242 67
241 67
240 67
239 67
238 67
235 66
232 63
232 60
235 58
235 54
239 51
240 52
239 54
240 56
239 58
235 61
238 62
239 62
240 60
241 60
240 62
241 62
242 62
245 53
245 57
245 61
248 64
248 65
248 68
248 69
248 71
248 72
248 73
255 84
258 79
255 74
255 73
255 72
255 70
255 68
255 67
255 66
255 64
255 62
255 61
255 60
255 58
255 56
255 55
255 54
255 52
255 50
255 49
255 48
255 46
255 44
255 43
255 42
255 40
255 38
255 36
255 34
255 32
255 30
255 28
255 26
255 24
261 31
262 32
265 31
268 31
268 22
264 21
262 24
258 22
255 19
255 17
255 11
258 6
258 8
258 11
264 13
263 10
264 10
268 11
268 8
268 6
264 5
253 0
258 0
262 0
268 0
271 0
280 0
283 0
288 0
291 0
289 0
291 6
293 9
299 4
299 7
299 10
299 13
299 16
299 19
299 22
299 25
299 28
299 31
299 34
299 37
299 40
299 43
299 46
299 49
299 52
299 55
299 58
299 61
299 64
299 67
299 70
299 73
299 76
299 79
291 77
287 74
285 75
278 69
278 67
287 63
291 62
288 59
291 58
288 58
284 58
281 62
278 57
278 55
278 53
278 51
278 49
284 50
285 51
288 50
291 50
291 42
288 42
285 43
284 42
284 34
285 35
288 34
291 34
291 26
288 26
285 27
284 26
284 18
285 19
288 18
291 18
285 11
287 5
281 6
278 9
278 11
278 13
278 15
278 17
278 19
278 21
278 23
278 25
278 27
278 29
278 31
278 33
278 35
278 37
278 39
278 41
278 43
278 45
278 47
268 44
265 39
268 39
264 41
262 42
261 39
264 47
268 50
262 48
264 53
268 56
262 54
264 59
268 62
262 60
264 65
268 68
262 66
264 71
262 72
265 76
263 82
264 82
268 79
268 74
278 73
278 75
278 76
278 77
278 79
278 81
278 82
278 83
278 85
278 87
278 88
278 89
278 91
278 93
278 94
278 95
278 97
285 93
287 92
285 87
291 89
287 86
285 81
287 80
291 83
299 82
299 88
299 91
299 94
299 97
299 100
299 102
299 103
299 104
299 105
299 106
299 107
299 110
299 112
299 115
299 118
299 121
299 124
299 127
299 130
291 123
293 126
294 130
293 132
293 135
294 136
299 136
299 139
299 142
299 145
299 148
299 151
299 154
299 160
299 163
299 166
299 169
299 172
299 175
299 178
299 181
299 184
299 187
299 190
299 193
299 196
299 199
297 203
296 203
295 203
294 203
288 203
283 203
281 197
291 197
288 194
291 193
288 193
284 193
278 192
278 190
278 188
278 186
278 183
278 182
278 181
278 179
285 186
291 183
285 181
287 180
291 177
285 175
287 174
278 177
278 176
278 175
278 173
278 171
278 170
278 169
278 167
278 165
278 163
285 169
287 168
291 171
293 165
293 163
294 157
293 156
293 153
294 151
293 147
293 144
293 142
279 150
278 152
278 153
278 156
278 157
278 158
271 151
270 150
270 148
278 148
278 147
278 144
278 142
271 138
271 132
278 137
278 136
278 135
278 132
278 131
279 129
278 127
278 126
278 123
278 122
278 121
270 122
271 121
278 119
278 117
278 116
278 115
287 120
285 121
291 117
291 112
288 112
287 114
285 115
284 112
278 113
278 111
278 109
278 107
278 105
285 105
284 104
288 104
