2358.0 1467.42 106.91 343
78 17
80 16
80 8
84 9
84 11
94 10
94 14
94 16
94 18
94 20
94 23
94 25
94 27
94 29
94 31
97 34
97 36
100 32
101 25
100 21
104 21
107 21
109 23
107 32
104 32
103 33
107 34
107 36
117 35
117 33
120 27
120 23
120 19
117 14
117 13
117 12
124 12
126 11
130 14
130 19
127 16
124 20
125 21
124 23
125 25
124 27
126 29
130 26
130 22
140 22
140 24
140 26
140 28
143 31
143 36
143 34
149 42
153 36
153 34
166 35
166 31
166 28
163 24
163 22
163 20
163 18
163 16
163 14
163 12
169 17
170 18
173 17
176 17
173 25
172 26
169 25
172 29
176 25
186 26
189 23
195 21
195 22
199 21
199 23
201 26
195 32
209 29
209 27
209 25
209 23
212 24
212 28
209 32
209 34
209 37
212 37
212 33
216 31
217 31
218 31
232 31
235 34
235 36
245 36
245 34
241 33
235 30
232 29
232 27
235 26
232 25
232 23
235 22
232 21
239 20
235 18
240 20
241 20
241 16
248 13
255 12
255 15
255 13
258 14
258 16
258 20
258 24
258 28
255 31
255 32
255 34
255 36
264 30
262 28
263 26
262 24
263 22
262 21
268 23
268 27
278 35
287 25
294 35
299 21
299 16
293 19
291 16
291 14
287 15
278 19
281 16
281 14
281 12
285 10
286 10
287 13
286 13
287 10
287 5
281 7
278 10
278 12
278 13
268 14
268 16
268 20
265 17
264 15
263 15
263 13
264 13
263 10
264 10
268 6
264 5
262 10
258 12
255 10
258 6
247 6
232 6
232 13
224 12
224 11
219 5
222 8
218 14
217 14
216 14
212 16
209 21
212 20
209 19
209 17
209 15
209 12
209 11
212 8
209 10
202 10
195 14
186 20
186 18
186 16
186 14
186 10
176 8
173 5
170 10
166 8
163 10
155 6
149 8
149 11
153 21
150 29
153 29
153 31
149 33
149 30
146 29
149 20
148 20
147 22
143 21
140 20
143 17
143 13
143 10
140 6
130 6
126 5
120 6
117 10
110 10
101 14
93 0
84 6
80 5
74 6
74 9
74 11
61 8
58 5
55 12
57 11
61 14
57 16
48 14
48 13
48 12
48 10
51 8
40 6
32 10
31 17
34 18
35 17
38 17
38 19
32 25
38 21
28 21
28 19
25 16
25 14
25 12
25 10
25 6
15 8
12 5
9 10
5 8
0 7
0 4
2 10
2 12
0 13
2 14
2 16
0 16
0 19
8 17
11 18
12 17
15 17
9 21
5 20
2 21
0 22
2 23
0 25
2 25
2 27
0 28
0 31
0 34
0 37
0 40
6 42
2 34
8 28
12 28
15 28
18 34
25 25
25 27
25 29
25 31
28 34
31 32
34 33
35 32
38 32
38 34
48 35
48 28
48 25
48 24
48 23
48 21
51 18
55 23
57 22
61 25
63 28
64 35
71 36
71 34
80 30
80 27
80 23
84 19
78 21
74 29
71 25
71 24
71 23
71 21
71 19
71 18
71 17
71 15
78 17
