6506.0 5046.41 0.0 1083
239 38
240 38
240 34
239 34
244 32
244 35
251 37
244 37
244 39
244 41
240 42
239 46
240 46
244 47
251 47
244 49
244 51
244 53
246 55
251 56
251 57
251 58
251 59
251 61
251 63
251 67
246 58
246 61
246 64
246 65
244 30
244 28
244 26
251 27
240 25
239 25
234 24
234 26
234 28
234 30
234 32
231 24
231 21
234 20
231 19
231 17
234 16
238 14
240 9
244 10
244 8
241 5
239 14
240 14
231 15
234 10
234 8
231 26
231 28
231 30
231 32
231 35
234 35
234 37
234 39
231 39
234 41
234 44
234 47
234 49
234 51
234 53
231 47
231 49
231 51
231 54
231 55
231 57
231 58
231 60
231 61
231 64
231 65
231 69
231 70
238 68
240 72
239 77
240 77
245 78
246 85
251 87
246 87
240 89
239 89
251 77
231 71
231 78
231 85
231 87
231 90
224 89
222 86
218 91
217 91
222 84
222 82
222 80
218 79
217 79
218 74
216 70
212 80
212 82
212 84
212 86
209 80
209 82
209 84
209 86
209 89
209 92
209 101
212 110
218 109
222 110
231 108
234 103
234 101
231 101
231 99
234 99
239 98
240 98
244 99
251 97
244 101
244 103
251 107
240 104
231 110
222 112
220 118
221 118
222 118
219 118
218 118
217 118
216 118
212 112
217 100
218 100
209 73
209 72
209 71
202 73
202 72
202 65
195 67
202 64
202 62
209 60
209 64
212 60
212 62
212 58
212 56
212 54
212 52
217 51
218 51
222 52
222 54
222 56
222 58
218 59
217 63
218 63
217 59
222 60
222 62
223 64
209 52
209 45
209 42
209 40
209 38
212 38
212 40
212 42
209 35
209 33
212 33
212 35
209 30
209 28
209 26
212 26
217 25
218 25
222 26
222 28
222 30
218 32
217 32
222 33
222 35
218 37
217 37
222 38
222 40
222 42
218 44
217 44
223 45
212 28
212 30
209 23
212 22
209 21
209 18
209 16
209 14
212 14
212 11
212 7
212 16
212 18
216 20
217 20
218 20
222 18
222 16
222 14
218 13
217 13
222 11
219 8
218 5
209 54
209 56
202 61
201 58
202 75
202 76
195 78
194 82
195 82
200 83
193 89
194 89
195 89
189 91
186 90
186 92
186 94
189 95
186 96
186 98
189 99
186 100
186 103
186 108
186 110
189 103
195 104
186 83
186 78
186 76
186 75
186 74
186 73
186 72
186 67
186 65
186 64
186 63
186 62
186 61
186 58
186 57
186 51
186 50
186 49
186 45
186 43
186 41
189 41
189 43
189 45
189 47
193 48
195 52
186 38
186 36
186 34
186 32
186 30
189 30
194 31
195 31
199 32
199 34
199 36
199 38
195 40
194 40
199 41
199 43
199 45
199 47
189 32
189 34
189 36
189 38
186 27
186 25
189 26
186 23
186 21
189 22
186 19
189 19
193 20
194 20
195 20
186 16
186 14
189 11
189 9
189 6
189 15
193 13
194 13
195 13
199 11
199 9
199 6
195 5
195 8
179 12
179 13
179 15
179 16
172 18
173 22
176 25
179 27
179 28
179 30
179 31
179 38
179 39
179 41
179 42
178 49
178 51
172 55
179 56
179 60
179 62
179 63
172 44
172 33
178 9
176 6
172 5
166 6
163 9
163 12
163 13
163 14
163 15
163 16
163 18
156 14
156 15
156 17
156 18
149 20
150 24
148 28
149 28
153 27
147 28
143 30
143 27
140 29
140 31
140 33
143 34
140 35
140 38
140 39
140 40
140 44
140 48
143 48
147 50
149 54
148 47
148 43
149 39
149 43
153 44
156 40
163 38
163 33
163 31
163 30
163 29
163 28
166 25
163 27
163 39
163 40
163 41
163 42
163 44
163 49
163 51
163 54
163 55
163 56
163 60
156 60
156 62
156 63
163 61
163 62
163 63
163 67
170 66
172 70
170 75
172 79
172 84
166 86
163 90
163 97
163 99
163 101
166 101
166 99
166 97
166 103
171 104
172 104
176 103
176 105
176 107
178 110
176 101
176 99
176 97
172 96
171 96
166 105
163 105
163 107
163 110
166 107
171 89
172 89
177 90
163 68
163 69
163 76
163 77
163 78
149 47
153 48
140 51
140 52
140 53
140 60
140 61
140 62
140 63
140 67
140 68
140 69
143 44
133 31
133 30
133 27
133 25
133 23
133 19
133 17
133 15
140 14
140 11
140 9
149 5
140 15
140 16
140 17
140 18
140 20
130 11
127 8
126 5
126 13
127 13
125 13
124 13
120 11
120 7
123 13
120 17
123 19
120 25
123 27
124 27
125 27
126 28
124 19
125 19
126 20
133 33
133 35
133 39
133 40
131 43
126 42
125 42
126 36
125 35
124 35
120 33
123 35
120 41
117 43
117 50
117 52
120 51
124 49
125 49
126 49
117 54
117 56
120 55
117 58
117 60
120 59
123 62
120 66
123 68
120 74
123 76
120 82
123 84
124 84
125 84
126 85
124 76
125 76
126 77
124 68
125 68
126 69
124 62
125 62
126 62
127 62
133 64
133 63
133 66
133 68
133 71
133 72
133 74
133 76
140 76
140 77
140 78
133 79
133 80
133 82
133 84
133 88
133 90
133 92
140 90
143 87
143 91
147 89
148 89
149 89
153 87
150 84
149 79
147 75
149 70
147 66
140 92
140 94
143 95
140 96
140 98
143 99
140 100
140 102
143 103
140 104
140 106
140 107
143 111
149 109
155 107
131 96
126 95
125 95
126 93
125 92
124 92
123 92
120 90
117 96
117 103
117 105
120 108
126 107
130 108
132 111
132 105
132 103
117 111
123 118
125 118
126 118
110 98
109 97
107 102
103 101
102 101
103 104
97 102
94 102
94 108
94 110
94 99
94 98
94 97
87 95
94 92
94 90
97 90
97 92
97 86
97 84
97 82
97 80
94 79
94 81
94 83
94 85
97 76
97 72
94 71
94 68
97 69
102 68
102 71
103 71
104 73
107 76
107 80
103 79
102 81
102 83
102 85
102 89
103 89
103 85
103 83
103 81
102 79
107 82
107 84
107 86
107 90
107 92
107 72
107 69
103 68
94 60
94 53
94 52
94 51
94 44
94 43
94 42
94 39
97 38
101 41
103 45
101 50
103 54
102 59
103 59
101 36
102 36
103 36
110 32
110 30
110 33
94 37
94 33
94 32
94 31
94 30
94 26
97 25
101 23
103 18
101 14
97 11
94 15
87 14
87 18
87 20
87 21
84 25
80 24
79 24
74 25
71 25
71 21
71 20
71 19
71 18
71 14
71 13
74 10
80 8
86 6
80 13
71 6
71 12
74 27
74 30
74 34
71 37
71 45
71 52
71 29
84 27
84 30
84 34
80 36
79 44
79 51
80 51
85 52
80 44
85 45
79 36
85 37
81 31
80 29
79 29
94 16
94 17
97 7
103 5
102 23
103 23
94 24
87 61
86 63
84 68
84 75
86 80
84 87
79 60
71 61
71 63
71 64
71 67
71 70
71 71
71 74
71 80
71 81
71 83
71 86
64 80
61 83
63 88
64 92
71 95
71 99
71 100
71 101
71 107
74 108
79 107
80 102
78 98
78 95
80 107
81 109
84 112
84 108
74 112
72 118
73 118
74 118
75 118
76 118
77 118
78 118
79 118
80 118
81 118
61 76
63 71
63 65
61 62
61 60
61 58
57 57
56 57
56 59
57 61
57 59
57 54
56 52
57 52
61 53
51 53
48 52
48 46
48 39
48 38
48 37
48 35
51 35
55 36
57 40
56 45
57 45
62 46
48 32
51 31
55 29
56 29
57 29
61 27
61 25
57 24
56 24
48 30
40 29
38 28
51 27
51 25
48 25
48 22
51 21
55 19
57 14
55 10
57 5
51 7
48 11
48 12
48 13
56 19
57 19
48 20
40 18
38 15
38 11
38 9
38 6
34 5
28 6
28 9
28 11
32 14
25 15
25 16
25 18
17 20
25 21
25 25
25 29
25 32
25 39
18 38
17 32
15 30
25 41
25 44
34 8
41 47
40 41
38 40
51 56
51 58
51 60
48 57
48 59
48 62
48 63
48 65
48 68
48 71
48 72
48 74
49 75
48 77
48 79
48 82
48 88
48 91
48 98
48 100
41 101
38 105
38 107
38 111
36 118
37 118
38 118
35 118
34 118
33 118
32 118
31 118
35 108
34 106
33 104
32 101
34 104
33 106
28 105
25 104
25 101
25 106
28 107
28 111
48 104
51 105
48 107
51 108
51 112
51 101
56 100
56 104
56 107
57 107
58 109
61 112
61 108
61 105
57 104
55 97
57 100
61 101
61 99
41 67
40 69
38 74
38 81
40 86
38 93
38 65
38 63
40 58
38 57
34 56
34 62
33 62
33 64
33 66
34 64
28 63
28 65
25 64
25 62
25 58
26 57
25 56
18 55
17 49
15 47
25 67
25 69
25 70
25 73
25 76
25 77
25 80
25 86
25 87
25 89
25 92
18 86
15 89
17 94
18 98
15 82
17 77
17 71
15 68
15 66
15 64
11 65
10 65
11 67
5 66
2 65
3 63
2 62
0 57
0 56
2 52
2 49
3 47
2 46
0 45
0 39
2 35
0 33
2 32
3 30
2 29
0 27
2 22
2 20
3 19
2 18
0 15
2 11
5 8
9 10
12 5
15 8
15 11
0 9
0 3
2 12
0 21
0 51
0 63
2 68
0 67
2 69
0 69
2 71
2 74
0 75
2 77
2 78
2 80
0 81
3 81
2 83
2 85
2 88
0 87
0 93
2 94
2 97
0 99
2 104
0 105
2 106
5 107
10 106
11 111
9 103
11 106
15 105
15 107
17 109
2 109
5 113
0 111
239 38
