948.0 378.925 77.5849 131
25 11
25 15
28 16
33 15
34 15
35 17
38 16
48 6
57 12
63 6
74 6
71 11
71 13
74 12
78 10
80 5
84 6
79 10
80 10
81 17
77 21
84 20
84 24
107 27
84 29
84 34
84 38
80 41
71 47
61 47
51 47
51 45
57 44
61 45
71 45
74 39
78 39
79 37
74 35
78 35
79 33
78 32
74 29
74 24
74 20
74 16
71 16
64 22
57 25
56 25
48 27
48 22
41 23
40 22
38 20
28 20
25 22
25 23
25 24
25 26
25 28
25 29
28 28
32 26
33 26
34 26
34 29
38 30
41 32
41 34
41 35
41 36
34 41
34 38
38 34
35 31
34 31
33 31
32 31
33 29
28 30
28 34
28 40
28 43
28 47
18 45
18 44
15 43
18 42
18 41
18 39
15 37
18 37
18 35
18 33
15 31
18 31
18 29
18 27
15 25
18 25
18 23
18 21
15 19
18 19
18 17
18 15
18 13
15 13
12 10
11 10
10 10
9 10
5 8
5 13
5 19
5 25
5 31
5 37
5 43
0 39
0 27
0 26
0 13
2 0
8 0
12 5
15 8
18 11
25 9
34 5
25 11
