1794.0 1097.19 78.4031 237
87 23
87 21
87 19
84 19
74 25
74 31
74 37
61 40
61 42
63 45
57 51
48 61
41 61
25 61
15 64
12 61
5 64
0 60
0 51
2 44
5 40
5 36
5 33
0 33
2 28
2 21
11 31
11 34
10 42
11 42
18 28
17 21
15 18
11 17
5 18
0 15
5 13
5 8
9 10
10 10
12 5
15 8
11 10
12 10
15 13
18 15
18 14
18 13
18 11
25 12
25 10
28 7
28 12
32 10
34 5
34 10
33 10
34 13
33 13
32 13
28 15
25 14
25 16
28 19
25 18
25 20
25 23
28 23
35 24
38 27
34 28
28 27
25 32
25 34
28 37
28 40
28 42
25 45
34 51
34 39
34 36
38 37
38 40
38 42
40 45
48 45
51 42
51 40
57 39
61 37
57 36
51 37
48 34
48 32
51 26
51 22
51 18
51 14
51 11
48 10
51 7
54 0
55 0
57 5
56 10
57 10
57 12
55 19
56 20
55 22
56 24
55 26
57 28
61 25
61 21
61 18
58 15
61 11
74 19
74 13
71 6
72 0
73 0
78 10
79 10
80 10
81 10
84 13
87 17
87 15
87 13
87 11
86 6
94 10
94 6
97 11
102 10
103 10
104 12
107 11
109 6
107 15
103 16
97 15
94 20
94 22
97 25
103 24
107 25
107 28
107 30
103 27
97 28
97 30
94 34
94 35
94 36
103 42
109 36
109 35
109 34
120 29
120 25
120 19
120 15
120 11
120 7
126 5
127 12
130 15
130 19
127 16
123 26
130 25
130 29
130 34
120 34
124 37
125 38
130 39
130 43
126 46
124 44
125 42
124 40
120 40
120 44
117 50
117 52
120 55
126 54
130 55
130 58
130 60
132 63
126 57
120 58
120 60
117 63
110 52
103 55
103 58
97 60
97 64
97 57
94 52
84 59
84 64
84 62
80 61
80 58
74 59
74 62
74 64
64 61
71 56
71 54
74 49
74 43
80 47
80 50
84 43
87 45
87 44
87 42
87 41
87 39
84 37
87 37
87 35
87 33
84 31
87 31
87 29
87 27
87 25
84 25
87 23
