4480.0 962.247 427.605 662
155 17
153 15
155 11
153 8
150 5
149 10
143 8
140 11
140 14
140 16
140 19
140 21
140 23
140 24
140 25
140 28
140 29
143 33
132 44
130 41
130 39
130 37
126 36
126 38
126 40
125 38
125 36
125 33
126 33
130 32
132 28
126 31
125 31
124 33
120 32
117 31
117 29
117 28
120 24
120 20
120 17
126 18
126 15
132 13
132 11
130 8
127 5
120 8
117 11
117 13
107 14
109 24
107 21
103 20
101 15
102 15
103 15
102 13
103 13
107 11
104 8
108 0
107 0
103 5
97 7
97 11
97 14
94 13
90 0
80 5
74 6
72 0
61 0
57 9
64 19
57 25
57 22
48 19
38 18
38 14
38 8
35 5
31 15
28 18
28 14
28 8
11 5
11 15
10 15
2 9
2 11
2 16
0 20
2 25
2 31
2 32
2 33
2 35
5 36
10 35
11 35
2 38
0 39
2 39
3 41
2 43
2 44
0 45
2 47
2 48
2 49
2 54
2 56
0 58
2 59
2 60
3 62
2 64
0 64
2 65
2 68
2 69
2 70
2 75
2 77
0 77
2 82
10 79
11 79
17 77
17 75
25 77
25 76
25 75
25 74
18 69
17 68
17 65
18 63
26 63
25 62
25 60
25 59
17 59
17 56
17 54
25 49
25 48
18 48
17 47
17 44
18 42
17 38
15 36
17 33
17 32
10 24
11 24
16 25
28 23
34 27
38 23
51 24
51 27
51 31
48 35
48 36
48 39
48 40
48 42
48 46
41 47
40 48
41 58
41 64
40 74
40 76
41 77
34 93
32 93
15 96
9 94
10 95
9 97
5 97
5 101
9 101
10 99
15 100
28 103
35 100
38 103
48 103
51 100
51 98
57 97
61 109
63 103
61 100
61 98
61 95
57 94
51 95
48 92
48 90
51 85
57 86
61 85
58 82
57 79
51 81
48 77
48 75
48 72
48 70
48 65
48 64
48 63
48 60
48 59
49 57
48 55
48 54
48 51
48 50
48 48
51 49
51 47
51 45
56 48
57 48
57 46
56 46
55 42
56 42
57 42
58 42
63 35
63 39
64 43
64 44
61 45
61 47
61 49
63 51
63 54
64 58
63 60
63 63
64 64
63 70
63 72
63 75
63 77
74 79
74 84
78 87
79 88
78 90
74 90
79 92
78 94
74 94
71 100
71 102
80 96
84 93
84 89
84 84
84 79
84 75
84 73
87 70
86 69
86 63
86 59
80 72
79 72
77 76
74 75
74 73
71 73
71 70
71 69
71 68
71 64
71 63
71 60
71 59
71 55
71 53
74 48
71 45
71 44
74 44
74 41
71 42
71 38
71 36
71 34
71 30
74 36
78 34
79 34
80 34
81 37
80 37
79 37
78 37
77 37
79 42
80 42
78 42
78 45
79 45
80 45
81 45
80 49
84 48
87 47
87 46
87 40
87 39
87 30
80 20
71 14
74 11
74 9
80 8
84 6
84 9
84 11
86 14
94 16
94 18
97 17
97 21
94 24
94 31
94 34
94 36
97 35
97 38
97 40
97 42
94 38
94 39
94 41
94 43
94 45
97 45
94 46
94 47
94 49
94 50
94 53
94 54
95 56
94 58
94 59
94 62
94 63
94 64
94 69
100 75
97 78
97 83
101 86
102 87
101 89
97 89
102 91
101 93
97 93
94 99
94 101
103 95
107 92
107 88
107 83
107 78
103 71
109 69
110 63
109 62
109 59
110 57
109 53
109 50
109 47
107 42
107 40
103 39
103 41
103 43
102 43
101 43
102 41
102 39
101 36
102 34
103 34
102 36
103 36
107 35
110 31
117 33
117 35
117 36
117 38
120 35
120 37
120 39
120 41
117 44
117 51
117 55
117 57
117 58
117 59
117 62
117 63
120 56
125 55
126 55
133 51
130 56
132 58
132 59
132 62
130 68
127 65
120 68
120 74
120 78
123 75
130 74
130 78
130 83
130 88
125 87
124 86
120 83
120 89
124 89
125 91
124 93
120 93
117 99
117 101
126 95
130 92
140 101
140 85
143 82
143 80
143 77
143 75
140 70
140 68
140 63
140 62
140 61
140 58
140 57
141 55
140 53
140 52
155 52
156 56
155 58
155 61
156 62
155 68
155 70
150 72
149 76
149 79
153 75
153 77
153 80
153 82
155 85
149 91
156 101
163 103
163 101
166 95
166 91
170 91
171 93
170 95
172 97
176 94
186 103
186 101
189 95
189 91
193 91
194 93
193 95
195 97
199 94
227 71
227 57
227 52
227 45
227 43
227 29
227 15
216 0
210 0
209 0
201 6
195 12
202 22
201 28
195 31
194 31
193 31
195 36
195 39
199 37
199 40
199 42
201 46
201 51
199 49
195 48
194 48
195 53
195 56
196 63
199 66
196 67
199 70
199 76
199 80
199 85
199 90
194 89
193 88
189 85
189 80
192 77
189 76
189 70
189 66
189 62
189 58
189 55
186 51
189 49
186 48
186 46
186 45
189 42
189 40
189 37
189 33
186 34
186 32
186 29
186 28
186 22
179 24
178 28
176 32
172 27
172 23
176 21
178 23
179 18
178 17
176 15
178 11
186 6
188 0
187 0
186 0
185 0
172 5
172 10
166 7
163 11
163 14
163 16
163 19
163 21
163 23
163 24
163 25
163 28
163 31
163 33
163 36
163 38
163 40
163 41
163 42
166 45
172 44
172 40
176 38
178 34
179 35
178 40
179 41
176 45
178 48
178 51
178 54
179 58
178 60
178 63
179 64
178 70
178 72
172 74
169 77
176 80
176 85
176 90
171 89
170 88
166 85
166 80
166 76
163 72
163 70
163 65
163 64
163 63
163 60
163 59
164 57
163 55
163 54
163 51
163 50
163 48
155 43
155 44
149 46
148 46
147 46
143 48
140 49
140 47
140 44
140 43
143 40
143 36
149 34
149 31
155 29
155 28
156 24
155 23
149 23
153 21
156 18
155 17
