10 31 25
10 30 23
10 23 15
10 33 27
10 36 28
10 34 29
10 26 19
10 30 24
10 37 31
10 32 27
10 34 25
10 29 22
10 35 28
10 39 36
10 29 21
10 24 16
10 31 25
10 38 33
10 30 24
10 29 23
10 21 13
10 20 11
10 31 24
10 27 20
10 28 22
10 20 11
10 37 29
10 30 21
10 29 20
10 23 15
10 31 23
10 25 18
10 34 27
10 20 12
10 23 15
10 26 19
10 26 19
10 23 15
10 41 35
10 27 19
10 25 18
10 31 24
10 24 17
10 26 18
10 30 23
10 31 26
10 29 21
10 35 27
10 42 37
10 19 11
10 37 29
10 27 19
10 37 33
10 34 26
10 36 28
10 25 17
10 29 23
10 32 26
10 27 20
10 26 18
10 34 26
10 36 28
10 37 30
10 21 13
10 30 26
10 38 32
10 33 25
10 25 18
10 31 24
10 33 26
10 33 27
10 37 29
10 27 18
10 34 29
10 35 29
10 42 37
10 30 23
10 28 21
10 27 19
10 31 22
10 29 20
10 33 25
10 31 25
10 36 30
10 38 30
10 24 16
10 34 26
10 36 31
10 20 12
10 24 19
10 26 20
10 33 25
10 26 18
10 19 12
10 24 19
10 31 25
10 25 18
10 30 21
10 30 26
10 35 29
20 110 94
20 89 70
20 119 104
20 106 90
20 114 98
20 114 98
20 85 68
20 112 96
20 133 118
20 104 90
20 122 107
20 109 91
20 125 108
20 117 100
20 119 104
20 84 69
20 138 123
20 97 81
20 114 96
20 106 91
20 134 121
20 111 93
20 97 79
20 124 109
20 125 110
20 125 106
20 114 99
20 78 61
20 133 117
20 118 102
20 101 84
20 130 114
20 116 98
20 118 99
20 134 119
20 136 121
20 100 81
20 84 65
20 127 112
20 135 119
20 89 71
20 96 79
20 123 106
20 112 95
20 110 91
20 99 81
20 120 104
20 116 101
20 84 68
20 89 71
20 94 77
20 104 85
20 90 73
20 124 108
20 114 98
20 114 98
20 107 89
20 131 116
20 101 85
20 110 92
20 112 95
20 106 90
20 125 111
20 114 97
20 138 125
20 127 111
20 109 93
20 107 90
20 109 95
20 78 60
20 102 84
20 116 100
20 113 96
20 98 83
20 95 79
20 127 110
20 97 80
20 128 115
20 112 97
20 129 114
20 106 89
20 100 82
20 114 99
20 106 89
20 120 103
20 92 78
20 114 97
20 120 103
20 97 80
20 116 99
20 85 67
20 123 106
20 143 129
20 125 109
20 121 106
20 105 86
20 99 82
20 106 92
20 115 99
20 102 86
30 254 230
30 257 231
30 270 242
30 233 207
30 252 227
30 251 222
30 305 279
30 180 154
30 251 227
30 206 182
30 236 211
30 230 204
30 182 155
30 281 254
30 304 282
30 266 245
30 200 174
30 213 186
30 238 215
30 229 203
30 178 151
30 231 206
30 266 245
30 229 201
30 239 212
30 220 194
30 279 255
30 198 170
30 239 212
30 242 218
30 260 232
30 244 219
30 241 215
30 226 199
30 257 234
30 225 199
30 228 203
30 205 177
30 231 205
30 236 210
30 227 200
30 260 234
30 233 209
30 228 200
30 232 203
30 180 156
30 272 246
30 222 199
30 238 210
30 226 200
30 216 188
30 247 221
30 248 221
30 193 166
30 248 225
30 284 260
30 242 216
30 271 246
30 264 239
30 257 231
30 250 228
30 244 218
30 244 216
30 200 173
30 241 215
30 274 250
30 252 224
30 246 222
30 299 275
30 248 223
30 264 237
30 249 225
30 258 233
30 280 252
30 239 213
30 270 244
30 245 217
30 234 208
30 254 230
30 218 193
30 232 205
30 196 171
30 207 178
30 241 215
30 216 188
30 217 190
30 267 242
30 261 233
30 305 280
30 262 237
30 265 238
30 261 234
30 265 241
30 246 222
30 258 233
30 254 228
30 255 229
30 254 227
30 231 203
30 223 197
40 408 374
40 387 351
40 427 390
40 447 414
40 447 411
40 396 360
40 437 400
40 344 307
40 441 403
40 449 414
40 370 337
40 436 398
40 406 370
40 437 399
40 457 422
40 429 391
40 399 363
40 445 411
40 532 498
40 427 389
40 375 337
40 460 424
40 439 406
40 436 399
40 375 338
40 522 486
40 468 434
40 376 338
40 343 307
40 399 363
40 324 288
40 466 430
40 456 419
40 383 347
40 411 376
40 362 325
40 455 419
40 359 321
40 416 382
40 444 410
40 464 429
40 378 345
40 454 420
40 420 385
40 432 396
40 419 383
40 455 420
40 390 354
40 398 360
40 361 329
40 454 419
40 383 347
40 388 352
40 468 432
40 488 452
40 462 424
40 365 328
40 399 363
40 406 369
40 404 368
40 432 398
40 418 384
40 417 383
40 505 470
40 414 377
40 401 365
40 446 410
40 441 405
40 532 498
40 421 383
40 407 371
40 456 424
40 394 357
40 353 315
40 398 362
40 428 392
40 434 400
40 457 424
40 448 410
40 453 417
40 375 338
40 380 346
40 397 360
40 378 342
40 427 389
40 412 375
40 450 414
40 446 412
40 399 365
40 380 345
40 408 372
40 428 391
40 414 379
40 483 445
40 429 393
40 392 354
40 497 462
40 392 357
40 413 378
40 454 419
50 688 642
50 584 535
50 744 699
50 659 614
50 545 498
50 702 658
50 593 547
50 708 660
50 670 622
50 642 597
50 612 564
50 618 573
50 651 609
50 666 620
50 606 560
50 725 680
50 683 639
50 710 663
50 633 586
50 583 536
50 582 533
50 567 521
50 737 690
50 646 599
50 615 568
50 647 603
50 704 656
50 574 529
50 669 622
50 701 658
50 571 524
50 631 586
50 721 675
50 674 629
50 574 528
50 594 547
50 711 665
50 597 551
50 539 492
50 613 567
50 657 613
50 747 704
50 733 689
50 631 585
50 577 530
50 575 530
50 676 631
50 623 575
50 600 553
50 630 582
50 632 586
50 666 619
50 702 658
50 685 642
50 638 594
50 577 530
50 682 638
50 649 604
50 718 671
50 620 572
50 685 638
50 620 575
50 740 693
50 685 642
50 574 530
50 608 562
50 726 679
50 632 587
50 584 541
50 687 641
50 744 700
50 710 666
50 642 600
50 701 655
50 704 659
50 711 667
50 624 578
50 712 667
50 636 592
50 688 643
50 732 689
50 707 663
50 624 579
50 674 628
50 678 635
50 722 679
50 509 463
50 636 588
50 735 693
50 631 585
50 588 542
50 682 637
50 594 550
50 693 646
50 738 694
50 665 620
50 710 666
50 633 586
50 651 604
50 568 524
60 876 820
60 923 866
60 1052 1001
60 908 851
60 1028 973
60 1044 987
60 959 904
60 1000 943
60 841 787
60 1055 1000
60 986 929
60 875 821
60 932 875
60 967 911
60 998 943
60 935 882
60 1015 961
60 793 738
60 909 853
60 893 838
60 873 818
60 1037 984
60 876 820
60 1006 950
60 882 824
60 802 746
60 770 717
60 1086 1033
60 927 872
60 805 750
60 932 877
60 766 711
60 1012 957
60 965 908
60 994 938
60 959 904
60 966 913
60 928 872
60 878 824
60 874 817
60 923 867
60 1103 1047
60 962 907
60 1060 1005
60 915 859
60 894 838
60 912 856
60 890 834
60 872 817
60 904 849
60 1052 997
60 923 870
60 899 845
60 875 821
60 847 792
60 1017 961
60 954 898
60 1004 949
60 953 897
60 895 841
60 1065 1012
60 1072 1015
60 956 900
60 977 919
60 806 748
60 970 912
60 1055 1003
60 912 857
60 803 748
60 962 905
60 944 890
60 946 893
60 861 806
60 1003 946
60 944 887
60 906 849
60 917 861
60 946 889
60 945 891
60 934 880
60 964 905
60 895 840
60 899 844
60 836 782
60 945 890
60 855 799
60 916 860
60 972 918
60 1154 1099
60 966 910
60 821 764
60 966 912
60 907 850
60 1005 956
60 1025 975
60 824 766
60 864 807
60 834 780
60 1004 950
60 1034 980
70 1451 1387
70 1272 1207
70 1151 1088
70 1215 1147
70 1212 1145
70 1232 1164
70 1292 1226
70 1070 1005
70 1139 1074
70 1388 1320
70 1407 1340
70 1270 1206
70 1295 1232
70 1465 1397
70 1356 1291
70 1190 1122
70 1340 1272
70 1196 1129
70 1273 1207
70 1347 1283
70 1201 1137
70 1316 1250
70 1333 1269
70 1459 1392
70 1326 1258
70 1405 1341
70 1395 1331
70 1227 1160
70 1208 1144
70 1099 1034
70 1234 1166
70 1270 1205
70 1235 1170
70 1192 1127
70 1250 1184
70 1300 1235
70 1235 1173
70 1484 1418
70 1175 1113
70 1100 1033
70 1323 1257
70 1329 1263
70 1339 1271
70 1229 1165
70 1294 1229
70 1319 1254
70 1142 1074
70 1353 1285
70 1290 1223
70 1288 1221
70 1334 1268
70 1112 1046
70 1333 1272
70 1266 1202
70 1230 1166
70 1339 1276
70 1355 1287
70 1136 1074
70 1345 1279
70 1250 1184
70 1100 1036
70 1313 1248
70 1188 1124
70 1228 1162
70 1467 1403
70 1204 1138
70 1199 1134
70 1204 1138
70 1161 1097
70 1247 1180
70 1242 1179
70 1346 1279
70 1165 1099
70 1231 1165
70 1240 1180
70 1377 1310
70 1259 1192
70 1276 1211
70 1285 1219
70 1418 1352
70 1469 1405
70 1147 1083
70 1181 1115
70 1225 1162
70 1383 1322
70 1278 1214
70 1215 1150
70 1127 1058
70 1331 1266
70 1344 1277
70 1361 1298
70 1181 1114
70 1293 1226
70 1342 1277
70 1249 1184
70 1283 1218
70 1287 1221
70 1391 1322
70 1385 1321
70 1202 1137
80 1647 1573
80 1721 1646
80 1505 1430
80 1762 1685
80 1596 1521
80 1755 1681
80 1701 1625
80 1637 1561
80 1680 1607
80 1611 1535
80 1864 1791
80 1887 1811
80 1639 1565
80 1548 1472
80 1705 1630
80 1672 1599
80 1618 1546
80 1699 1624
80 1815 1741
80 1746 1669
80 1762 1688
80 1761 1690
80 1675 1596
80 1716 1640
80 1832 1757
80 1597 1522
80 1833 1757
80 1676 1599
80 1544 1470
80 1782 1708
80 1568 1493
80 1714 1641
80 1612 1535
80 1720 1643
80 1856 1780
80 1580 1503
80 1649 1572
80 1612 1539
80 1471 1395
80 1669 1595
80 1827 1753
80 1759 1684
80 1457 1384
80 1949 1871
80 1544 1469
80 1511 1436
80 1715 1644
80 1699 1624
80 1687 1611
80 1675 1602
80 1795 1721
80 1828 1755
80 1687 1611
80 1600 1525
80 1654 1578
80 1796 1721
80 1686 1611
80 1682 1611
80 1791 1716
80 1654 1580
80 1567 1491
80 1612 1539
80 1984 1908
80 1634 1563
80 1751 1673
80 1503 1429
80 1761 1687
80 1802 1728
80 1701 1624
80 1848 1773
80 1586 1512
80 1592 1515
80 1788 1716
80 1773 1702
80 1726 1650
80 1566 1490
80 1528 1453
80 1650 1576
80 1730 1656
80 1608 1533
80 1776 1699
80 1536 1459
80 1601 1529
80 1604 1530
80 1608 1531
80 1604 1531
80 1686 1610
80 1497 1419
80 1617 1541
80 1526 1451
80 1415 1339
80 1631 1558
80 1624 1550
80 1554 1476
80 1960 1888
80 1746 1669
80 1615 1540
80 1660 1584
80 1618 1541
80 1762 1686
90 2145 2060
90 2314 2230
90 2089 2008
90 2039 1953
90 1979 1896
90 1940 1855
90 2071 1986
90 1945 1860
90 2219 2134
90 2124 2040
90 2027 1941
90 2335 2251
90 2101 2014
90 2084 2000
90 2049 1963
90 2207 2122
90 2156 2071
90 2080 1994
90 2191 2108
90 2085 1998
90 2307 2221
90 1940 1857
90 2218 2135
90 1817 1733
90 1989 1902
90 2377 2291
90 2252 2169
90 2153 2068
90 1847 1762
90 2173 2087
90 1952 1867
90 2028 1943
90 1746 1661
90 1888 1801
90 2065 1979
90 2106 2022
90 2174 2090
90 2034 1949
90 1929 1841
90 2108 2024
90 2191 2108
90 1984 1900
90 1972 1886
90 2366 2282
90 2168 2079
90 2229 2144
90 1950 1863
90 2280 2191
90 2122 2034
90 1907 1823
90 2139 2055
90 2142 2054
90 2198 2118
90 2235 2151
90 2255 2169
90 2159 2075
90 1975 1889
90 1938 1853
90 1999 1914
90 1964 1880
90 2164 2080
90 1796 1710
90 2029 1945
90 2032 1948
90 1994 1911
90 2180 2094
90 1848 1762
90 2118 2035
90 2178 2092
90 2030 1947
90 2193 2107
90 2128 2042
90 2348 2264
90 2047 1962
90 2057 1971
90 2267 2180
90 2081 1994
90 2068 1981
90 2246 2162
90 2212 2129
90 2132 2049
90 2003 1918
90 2203 2123
90 1807 1722
90 2265 2183
90 2273 2186
90 2006 1920
90 1682 1597
90 1844 1758
90 2254 2171
90 2123 2036
90 2038 1952
90 2260 2174
90 2205 2119
90 2075 1992
90 2067 1983
90 1961 1877
90 2313 2228
90 2208 2125
90 2069 1985
100 2650 2552
100 2688 2590
100 2562 2467
100 2531 2435
100 2648 2559
100 2580 2486
100 2687 2591
100 2721 2631
100 2575 2478
100 2437 2345
100 2475 2380
100 2706 2614
100 2617 2529
100 2527 2435
100 2505 2411
100 2953 2862
100 2714 2619
100 2427 2333
100 2522 2428
100 2603 2510
100 2905 2810
100 2771 2677
100 2483 2388
100 2372 2276
100 2391 2298
100 2758 2663
100 2658 2562
100 2371 2273
100 2568 2469
100 2601 2508
100 2513 2417
100 2685 2595
100 2603 2509
100 2634 2539
100 2613 2515
100 2864 2768
100 2458 2364
100 2697 2605
100 2554 2460
100 2643 2548
100 2643 2552
100 2509 2417
100 2572 2474
100 2719 2626
100 2649 2552
100 2458 2365
100 2369 2273
100 2695 2601
100 2621 2528
100 2616 2521
100 2474 2381
100 2551 2456
100 2645 2552
100 2603 2506
100 2362 2268
100 2286 2190
100 2322 2224
100 2711 2619
100 2367 2271
100 2793 2698
100 2794 2697
100 2755 2664
100 2704 2609
100 2550 2457
100 2765 2673
100 2607 2510
100 2489 2395
100 2489 2393
100 2749 2656
100 2421 2328
100 2593 2497
100 2500 2404
100 2565 2468
100 2602 2506
100 2569 2476
100 2660 2566
100 2260 2164
100 2722 2630
100 2528 2431
100 2673 2578
100 2491 2395
100 2637 2542
100 2739 2646
100 2532 2435
100 2669 2573
100 2976 2887
100 2554 2457
100 2582 2488
100 2550 2455
100 2619 2524
100 2319 2222
100 2378 2287
100 2469 2376
100 2737 2642
100 2321 2227
100 2343 2248
100 2744 2650
100 2849 2756
100 2804 2709
100 2574 2483
110 3193 3090
110 2948 2843
110 2945 2842
110 3108 3003
110 2964 2860
110 2967 2865
110 3139 3036
110 3121 3018
110 2991 2888
110 2876 2769
110 3190 3083
110 3463 3357
110 3376 3272
110 3170 3066
110 3335 3231
110 3186 3081
110 2510 2404
110 3164 3059
110 2732 2630
110 3351 3246
110 3450 3345
110 3214 3108
110 3416 3309
110 2976 2871
110 3008 2905
110 3196 3089
110 3419 3311
110 3379 3277
110 3393 3287
110 3371 3268
110 3397 3293
110 2977 2871
110 3326 3222
110 2901 2797
110 3179 3073
110 3292 3187
110 2599 2490
110 3051 2945
110 3450 3344
110 2990 2886
110 3096 2991
110 2988 2883
110 3179 3073
110 3315 3211
110 3195 3090
110 3279 3175
110 2969 2864
110 3124 3021
110 2819 2711
110 3179 3075
110 3160 3055
110 2783 2680
110 3279 3175
110 2934 2828
110 3094 2992
110 2973 2868
110 3178 3072
110 3194 3094
110 3144 3037
110 2974 2868
110 3129 3026
110 3099 2996
110 2719 2615
110 2971 2865
110 2960 2858
110 3070 2965
110 3159 3055
110 3107 3000
110 3198 3092
110 2821 2721
110 2915 2811
110 3536 3435
110 2991 2887
110 2995 2890
110 3174 3067
110 3249 3144
110 3280 3177
110 3361 3258
110 3377 3270
110 3252 3148
110 3420 3319
110 3073 2969
110 2908 2805
110 3186 3080
110 3046 2938
110 2747 2640
110 3299 3193
110 3265 3158
110 2988 2884
110 2911 2805
110 2879 2775
110 2800 2694
110 2948 2843
110 3007 2903
110 3272 3166
110 3103 2996
110 3397 3293
110 3004 2898
110 3153 3047
110 2862 2759
120 3669 3555
120 3864 3752
120 3173 3055
120 3548 3437
120 3438 3321
120 3725 3611
120 3808 3697
120 3483 3370
120 3783 3667
120 3417 3302
120 3973 3859
120 3245 3129
120 4169 4057
120 3731 3615
120 3518 3405
120 3925 3808
120 3625 3514
120 3923 3808
120 3920 3804
120 3961 3845
120 3441 3327
120 3863 3749
120 3593 3477
120 3639 3523
120 3501 3390
120 3501 3391
120 3686 3570
120 3792 3680
120 3910 3794
120 3995 3877
120 3765 3649
120 3777 3665
120 3892 3779
120 4203 4092
120 3580 3468
120 3715 3600
120 3344 3230
120 3428 3314
120 3699 3584
120 3543 3429
120 3757 3638
120 3333 3219
120 3866 3753
120 3620 3505
120 3863 3748
120 3711 3594
120 3679 3565
120 3846 3733
120 3403 3285
120 3455 3341
120 3933 3821
120 4071 3956
120 3784 3672
120 3330 3215
120 3964 3850
120 3908 3793
120 3655 3538
120 4119 4006
120 3664 3552
120 3804 3692
120 3545 3429
120 3650 3535
120 3540 3428
120 3585 3469
120 3156 3040
120 3592 3477
120 3499 3386
120 3610 3495
120 3381 3270
120 3953 3839
120 2946 2830
120 3715 3602
120 3789 3677
120 3229 3113
120 3733 3619
120 3175 3061
120 3383 3265
120 3560 3444
120 3614 3498
120 4065 3948
120 4149 4034
120 3563 3449
120 3485 3367
120 3579 3463
120 3633 3517
120 3581 3464
120 3579 3461
120 3695 3580
120 3327 3212
120 3931 3815
120 3248 3134
120 3387 3271
120 3623 3507
120 3904 3789
120 3522 3408
120 3599 3482
120 3640 3525
120 3610 3493
120 3947 3834
120 3966 3851
130 4551 4426
130 4260 4137
130 4301 4178
130 4120 3998
130 4214 4088
130 4075 3950
130 4535 4413
130 4163 4036
130 4097 3974
130 4515 4393
130 4057 3932
130 4293 4169
130 4620 4496
130 3993 3869
130 4366 4238
130 4047 3921
130 4227 4103
130 4091 3965
130 4289 4162
130 4539 4418
130 4450 4326
130 4310 4185
130 4167 4045
130 4120 3995
130 4399 4276
130 3702 3577
130 4524 4401
130 4050 3924
130 4048 3926
130 4489 4363
130 4219 4097
130 4534 4412
130 4096 3971
130 4780 4658
130 4158 4035
130 4398 4277
130 4234 4110
130 4113 3987
130 4293 4166
130 4102 3977
130 4353 4228
130 4470 4346
130 4341 4215
130 4341 4218
130 4224 4102
130 4366 4241
130 3930 3805
130 3800 3675
130 4530 4403
130 4189 4064
130 4217 4092
130 4636 4513
130 3862 3737
130 3644 3519
130 4376 4250
130 4836 4713
130 3982 3857
130 4481 4359
130 4056 3931
130 4462 4336
130 4633 4510
130 4318 4194
130 4496 4373
130 4001 3877
130 4332 4208
130 3935 3809
130 4221 4096
130 4187 4063
130 4408 4285
130 3979 3858
130 4686 4562
130 3983 3857
130 4505 4383
130 4386 4264
130 4429 4305
130 4414 4287
130 4232 4106
130 4445 4319
130 4468 4346
130 4123 3998
130 4530 4410
130 3989 3865
130 4337 4213
130 4176 4050
130 4060 3935
130 4383 4257
130 4138 4012
130 4211 4084
130 4144 4018
130 4499 4373
130 3775 3648
130 4267 4146
130 4575 4450
130 4550 4429
130 4610 4486
130 4414 4294
130 3858 3732
130 4570 4445
130 4754 4627
130 4475 4349
140 5164 5031
140 4646 4510
140 5155 5021
140 4933 4798
140 4955 4824
140 4817 4681
140 4557 4421
140 5177 5041
140 4819 4683
140 5138 5003
140 5328 5197
140 5163 5027
140 4982 4844
140 4614 4480
140 5003 4867
140 5035 4899
140 5001 4868
140 4557 4422
140 4694 4561
140 4746 4613
140 5364 5230
140 5039 4903
140 4308 4173
140 4569 4434
140 5098 4965
140 4843 4708
140 4826 4691
140 4884 4749
140 4929 4792
140 5168 5033
140 4734 4599
140 4649 4516
140 5399 5261
140 5276 5141
140 4956 4820
140 4647 4511
140 5159 5024
140 5148 5012
140 4788 4653
140 5373 5239
140 5057 4923
140 4677 4543
140 4816 4682
140 5097 4967
140 5317 5184
140 5104 4967
140 5218 5081
140 5331 5199
140 4816 4678
140 4559 4426
140 5024 4890
140 5475 5342
140 4798 4664
140 5105 4972
140 4947 4811
140 5082 4945
140 4995 4862
140 4911 4775
140 4838 4702
140 5204 5069
140 4609 4476
140 5209 5072
140 5355 5217
140 5427 5293
140 5080 4946
140 4380 4246
140 4915 4781
140 5107 4973
140 5373 5239
140 4608 4475
140 5719 5582
140 4837 4704
140 5370 5237
140 4928 4792
140 4914 4780
140 5223 5091
140 4863 4726
140 5084 4949
140 4412 4278
140 4794 4660
140 4618 4482
140 4699 4566
140 5460 5326
140 4792 4655
140 5252 5113
140 4988 4857
140 4917 4783
140 4623 4487
140 5214 5080
140 5238 5103
140 5147 5011
140 4711 4576
140 4146 4009
140 4837 4702
140 4662 4526
140 5373 5239
140 4956 4822
140 4900 4764
140 4686 4557
140 5128 4994
150 6516 6371
150 6429 6285
150 5781 5636
150 5607 5462
150 6130 5985
150 5956 5813
150 5873 5730
150 6215 6070
150 5809 5664
150 5623 5480
150 6044 5899
150 5860 5714
150 5693 5552
150 6329 6185
150 5685 5544
150 5710 5567
150 5635 5493
150 5728 5581
150 5267 5122
150 5545 5401
150 6314 6168
150 5616 5472
150 5945 5804
150 5688 5544
150 5347 5207
150 5625 5478
150 5712 5566
150 5799 5659
150 5653 5511
150 5967 5821
150 5938 5794
150 5300 5157
150 5832 5686
150 5602 5457
150 5396 5252
150 5363 5218
150 5257 5110
150 6126 5982
150 5886 5746
150 5507 5363
150 6031 5889
150 5503 5358
150 5694 5550
150 6147 6006
150 5776 5636
150 5855 5708
150 5834 5689
150 5711 5568
150 5546 5399
150 5734 5591
150 5686 5539
150 5959 5812
150 6179 6039
150 5816 5673
150 5830 5686
150 5542 5399
150 5784 5640
150 5385 5240
150 5914 5770
150 5961 5814
150 5385 5242
150 5935 5788
150 5662 5519
150 5660 5520
150 5912 5768
150 5437 5296
150 5885 5740
150 5305 5157
150 5384 5239
150 5819 5676
150 5513 5367
150 5603 5461
150 5713 5570
150 6029 5885
150 6076 5931
150 4863 4721
150 5752 5606
150 6063 5921
150 5766 5624
150 5636 5489
150 5341 5195
150 5384 5241
150 6132 5986
150 5320 5177
150 5487 5343
150 5521 5376
150 5595 5448
150 5989 5842
150 5968 5824
150 5810 5664
150 5521 5377
150 5840 5693
150 5256 5110
150 6264 6120
150 5664 5520
150 5950 5804
150 6197 6052
150 5219 5074
150 6104 5962
150 5620 5476
160 6480 6325
160 6578 6426
160 6139 5982
160 6633 6476
160 6604 6448
160 6934 6778
160 6966 6814
160 6470 6313
160 6083 5929
160 6609 6455
160 6497 6342
160 6706 6551
160 6639 6490
160 6661 6509
160 6618 6459
160 6845 6690
160 6843 6688
160 6330 6175
160 7135 6980
160 6331 6176
160 7632 7478
160 6418 6265
160 6791 6637
160 6553 6398
160 6480 6325
160 6601 6446
160 6958 6805
160 6613 6459
160 6440 6289
160 6129 5974
160 6720 6567
160 6078 5921
160 6647 6492
160 6804 6648
160 6401 6245
160 6250 6097
160 6875 6718
160 6401 6245
160 6486 6332
160 6438 6284
160 7014 6860
160 6071 5915
160 6797 6646
160 6228 6075
160 6198 6045
160 6461 6305
160 6310 6154
160 6307 6153
160 6185 6031
160 6772 6618
160 6337 6184
160 6415 6261
160 6105 5949
160 6462 6307
160 6011 5859
160 6064 5909
160 6212 6056
160 6452 6301
160 6682 6529
160 6613 6457
160 7213 7057
160 6576 6424
160 6285 6132
160 6374 6221
160 7325 7168
160 6864 6709
160 6898 6747
160 6546 6391
160 6860 6703
160 6481 6327
160 7038 6885
160 6674 6517
160 6498 6342
160 6396 6241
160 6355 6200
160 6310 6160
160 6852 6697
160 6344 6191
160 6522 6368
160 6472 6316
160 6658 6502
160 6305 6151
160 6683 6531
160 6817 6662
160 6781 6627
160 6015 5860
160 6631 6476
160 7211 7061
160 6672 6518
160 6302 6146
160 6555 6405
160 6588 6434
160 6309 6154
160 5813 5660
160 6153 5998
160 5991 5836
160 6790 6636
160 6307 6156
160 6432 6277
160 6261 6107
170 7807 7642
170 7476 7311
170 7204 7039
170 7303 7140
170 7819 7654
170 6566 6402
170 7434 7271
170 7410 7244
170 7374 7210
170 7509 7342
170 7505 7341
170 7939 7774
170 7546 7382
170 7889 7724
170 7351 7190
170 7329 7163
170 8011 7849
170 6831 6665
170 6803 6635
170 7116 6952
170 7240 7074
170 6785 6622
170 7432 7266
170 7290 7124
170 6979 6815
170 6626 6464
170 7171 7007
170 7209 7043
170 7393 7231
170 7417 7253
170 7028 6863
170 7268 7106
170 8163 7996
170 7516 7349
170 7647 7486
170 7901 7738
170 7392 7228
170 7124 6962
170 7864 7700
170 7539 7376
170 6936 6771
170 7325 7158
170 8020 7858
170 7352 7190
170 6787 6625
170 7678 7515
170 7437 7271
170 7477 7311
170 7584 7422
170 7639 7474
170 7440 7276
170 7340 7175
170 7170 7004
170 7484 7317
170 7434 7273
170 7216 7053
170 7950 7786
170 7146 6983
170 7045 6878
170 7440 7277
170 6922 6758
170 7784 7620
170 7628 7464
170 7189 7024
170 6811 6649
170 7677 7513
170 7806 7641
170 7306 7144
170 7199 7035
170 7604 7442
170 6823 6657
170 6561 6396
170 7809 7644
170 7805 7642
170 7570 7406
170 7052 6887
170 7410 7245
170 7895 7731
170 7186 7021
170 7409 7245
170 7136 6970
170 7317 7155
170 6844 6681
170 7029 6863
170 7342 7175
170 7800 7636
170 7239 7075
170 6588 6421
170 6619 6455
170 7116 6952
170 7707 7539
170 7570 7406
170 8045 7878
170 7048 6885
170 7112 6951
170 6991 6827
170 7221 7056
170 6819 6654
170 7643 7478
170 7530 7363
180 8036 7862
180 8372 8198
180 7519 7342
180 7630 7454
180 7956 7782
180 8136 7962
180 8596 8420
180 7469 7293
180 8659 8483
180 7596 7419
180 7459 7287
180 8542 8372
180 8025 7849
180 8170 7995
180 8093 7921
180 8067 7892
180 8023 7850
180 8066 7892
180 8120 7943
180 8457 8285
180 7947 7773
180 8531 8354
180 8296 8119
180 8614 8444
180 7970 7797
180 7963 7790
180 7729 7552
180 8031 7858
180 8410 8235
180 8123 7948
180 8409 8235
180 9248 9073
180 7821 7645
180 8102 7924
180 7758 7583
180 8514 8338
180 8753 8582
180 7976 7808
180 7745 7571
180 8157 7981
180 8741 8568
180 7906 7733
180 7803 7629
180 7568 7395
180 8153 7976
180 7967 7791
180 7809 7637
180 7963 7790
180 7955 7780
180 8581 8407
180 8160 7986
180 8662 8488
180 8438 8265
180 7862 7686
180 8123 7945
180 7940 7766
180 8504 8329
180 8658 8485
180 8004 7831
180 8216 8040
180 8299 8122
180 8365 8193
180 8441 8269
180 8147 7972
180 7954 7781
180 8580 8405
180 7905 7730
180 7973 7800
180 8599 8424
180 7543 7369
180 8188 8018
180 8469 8296
180 9048 8876
180 7965 7787
180 7908 7732
180 8036 7863
180 8871 8698
180 8246 8071
180 8504 8331
180 8157 7984
180 7832 7658
180 8592 8422
180 8564 8388
180 8057 7883
180 8118 7940
180 8677 8509
180 8883 8709
180 8364 8188
180 7379 7207
180 8751 8579
180 8884 8710
180 7997 7822
180 7987 7812
180 7814 7639
180 7365 7188
180 7862 7689
180 7590 7417
180 7415 7241
180 8176 8004
180 7898 7725
190 8652 8466
190 8577 8388
190 9028 8844
190 9135 8957
190 9889 9705
190 9358 9176
190 10055 9871
190 8915 8733
190 9060 8878
190 8749 8565
190 8854 8671
190 9073 8888
190 8900 8713
190 9460 9274
190 8919 8733
190 9225 9038
190 8876 8692
190 8580 8393
190 8489 8304
190 9149 8970
190 8817 8632
190 9659 9475
190 8973 8788
190 9569 9385
190 9232 9045
190 9838 9657
190 9431 9250
190 9231 9048
190 10141 9954
190 9117 8936
190 8746 8561
190 9329 9145
190 8970 8784
190 8592 8406
190 9491 9306
190 9736 9549
190 9445 9262
190 8747 8564
190 9222 9042
190 9816 9629
190 9195 9012
190 8854 8667
190 8582 8397
190 9298 9116
190 9552 9369
190 9935 9751
190 8751 8565
190 8586 8405
190 9053 8865
190 9671 9487
190 9276 9094
190 9381 9196
190 9216 9032
190 9431 9243
190 8601 8414
190 8468 8282
190 8882 8698
190 8833 8648
190 8795 8611
190 9212 9027
190 9045 8861
190 8869 8685
190 9229 9042
190 9395 9213
190 9250 9069
190 9380 9196
190 8908 8723
190 8747 8562
190 9428 9248
190 8520 8334
190 9471 9286
190 8918 8733
190 9532 9347
190 9629 9449
190 9633 9452
190 9379 9194
190 9519 9337
190 8750 8564
190 9390 9207
190 10297 10117
190 9902 9719
190 9442 9259
190 9552 9366
190 9396 9211
190 9188 9003
190 8873 8685
190 10150 9967
190 9688 9502
190 9220 9037
190 9773 9589
190 9447 9264
190 9305 9121
190 9347 9161
190 8753 8569
190 8869 8686
190 8666 8479
190 9057 8871
190 9376 9190
190 9082 8900
190 8836 8650
200 10450 10257
200 9898 9707
200 10318 10121
200 9893 9698
200 10176 9980
200 10163 9971
200 9845 9653
200 10610 10416
200 10172 9979
200 9607 9411
200 9182 8989
200 9852 9656
200 9720 9525
200 10247 10053
200 10157 9965
200 10103 9906
200 9176 8979
200 9890 9699
200 10801 10606
200 10518 10325
200 9956 9759
200 10408 10211
200 9957 9761
200 9950 9755
200 9756 9564
200 10461 10267
200 10239 10043
200 9763 9569
200 10068 9878
200 10149 9955
200 9865 9674
200 10175 9979
200 10268 10073
200 10607 10413
200 9339 9148
200 10365 10171
200 10246 10052
200 9531 9335
200 9458 9261
200 9722 9525
200 9861 9667
200 10196 10004
200 9760 9568
200 10010 9817
200 10104 9910
200 9717 9527
200 10336 10145
200 10297 10099
200 10355 10164
200 9879 9686
200 10007 9814
200 10068 9873
200 10015 9819
200 10263 10071
200 10494 10299
200 10531 10336
200 10697 10505
200 10142 9945
200 9998 9806
200 10450 10257
200 9924 9729
200 9660 9464
200 9652 9462
200 10268 10075
200 9896 9701
200 10143 9953
200 9510 9315
200 10692 10496
200 10512 10321
200 10407 10211
200 10683 10492
200 10175 9983
200 9598 9403
200 9857 9663
200 10165 9971
200 9759 9566
200 10169 9972
200 9838 9647
200 10778 10584
200 10764 10573
200 9934 9739
200 9437 9245
200 10656 10463
200 10515 10321
200 10151 9956
200 10158 9962
200 9867 9673
200 9787 9590
200 9866 9673
200 9684 9494
200 10317 10126
200 10493 10300
200 10115 9918
200 9947 9754
200 10478 10286
200 10081 9889
200 9003 8805
200 9516 9322
200 10465 10275
200 9643 9448
