2888.0 3441.0 1245.0 380
71 157
80 160
87 157
74 162
70 167
54 167
32 156
33 158
28 160
28 156
15 147
28 145
28 141
33 154
32 160
42 167
48 153
38 159
32 153
28 150
48 148
38 155
38 150
38 145
48 142
48 150
56 152
57 152
63 148
63 150
48 143
64 142
63 141
74 133
80 132
81 116
81 112
80 105
74 107
71 103
71 95
87 95
86 94
99 102
99 104
99 85
99 68
99 51
84 55
84 59
79 54
79 58
74 50
84 50
84 45
86 40
74 45
71 39
77 42
63 44
63 47
78 53
74 56
71 64
72 67
71 86
71 85
71 82
71 96
71 91
71 94
71 74
71 73
48 91
48 79
63 79
64 78
71 75
71 80
72 88
71 90
64 89
64 95
71 103
71 101
64 108
63 105
48 106
48 108
48 105
40 99
40 94
40 96
41 88
48 90
49 94
48 93
41 103
40 105
48 107
63 107
74 111
74 115
74 119
57 124
55 124
38 131
15 142
11 144
5 145
5 142
5 127
9 127
10 129
11 133
9 131
5 131
2 137
2 139
5 147
2 150
14 167
11 156
11 141
15 145
17 150
15 130
15 126
15 121
5 116
5 121
9 124
10 125
15 116
25 108
40 115
34 121
34 117
25 110
25 109
25 115
28 123
28 127
28 131
28 135
31 142
38 135
35 132
35 128
38 141
48 137
48 138
48 141
49 135
48 133
48 132
63 132
64 136
63 138
71 141
74 138
86 141
80 147
84 138
84 136
86 127
84 133
80 135
74 136
74 131
80 129
71 127
71 126
84 125
74 125
84 119
84 115
86 103
86 101
86 91
87 68
78 60
74 60
78 56
86 64
86 70
86 73
87 74
86 80
86 82
87 89
86 85
71 70
71 69
71 65
63 54
64 48
63 56
57 58
34 52
38 53
40 54
48 49
48 54
48 56
49 41
48 43
48 33
48 28
48 26
38 36
25 28
25 25
25 21
25 11
25 6
15 8
3 19
2 20
0 20
0 21
5 8
2 11
2 12
2 18
9 10
12 5
15 11
25 12
17 20
25 14
25 17
38 11
32 10
40 6
40 14
48 10
51 7
57 5
54 0
62 10
57 9
56 9
49 20
48 17
48 18
48 22
48 23
63 23
63 26
64 21
71 9
74 6
80 5
84 6
86 9
86 29
71 40
71 35
71 29
80 31
71 28
71 25
63 17
80 15
87 25
99 17
99 34
71 37
63 33
63 38
64 42
63 35
64 27
48 27
40 25
38 24
40 37
48 35
48 38
48 39
48 44
48 47
48 48
41 43
34 56
25 54
26 53
25 52
17 49
18 55
15 47
17 32
25 35
25 37
25 40
18 38
15 30
3 30
2 32
2 29
0 24
0 28
0 23
0 22
2 22
0 33
2 35
2 46
3 47
2 49
0 49
2 52
0 60
2 62
3 63
2 70
5 75
11 76
11 73
0 71
5 82
2 87
10 92
11 92
17 90
25 94
25 96
25 99
41 109
40 108
26 102
25 100
25 104
25 105
17 104
15 112
8 113
11 106
12 109
5 112
5 108
0 108
2 103
2 104
0 97
2 93
2 90
2 89
2 85
5 78
17 87
17 85
25 88
25 87
25 89
25 84
25 83
25 78
25 79
26 81
25 75
28 68
28 70
25 74
18 70
15 64
25 62
25 60
28 65
34 67
34 64
38 65
38 68
38 70
40 75
40 78
41 82
40 84
40 87
48 80
