11900.0 15535.0 9788.0 2086
172 92
172 87
166 85
163 76
163 70
164 63
171 78
171 84
172 84
166 100
163 105
156 101
156 107
155 113
153 89
140 102
141 100
140 98
153 95
155 103
155 97
149 81
153 84
153 82
155 77
155 70
156 71
155 67
140 66
140 67
140 70
140 72
143 82
140 79
140 71
130 74
140 77
143 89
140 97
133 95
117 97
110 109
117 108
118 111
117 123
117 124
117 122
140 108
133 112
146 121
148 115
143 124
133 125
132 124
132 122
133 106
117 96
120 71
120 69
120 67
126 65
126 68
126 75
126 73
130 71
130 69
141 64
140 62
140 61
132 63
130 61
120 55
130 55
127 52
126 45
124 45
123 45
125 38
126 37
120 43
120 49
125 46
126 48
130 49
130 39
130 41
126 40
130 43
130 47
140 46
140 45
146 49
143 52
140 47
140 38
140 40
143 33
140 28
132 35
132 34
124 21
126 26
132 31
143 21
143 19
140 17
140 14
140 15
140 12
140 13
147 17
148 17
149 17
155 15
155 14
166 16
171 22
172 22
186 20
189 25
189 21
186 18
189 17
189 13
189 11
186 6
186 16
176 13
176 11
178 6
186 11
186 13
176 16
176 18
170 22
166 24
166 28
163 31
163 29
166 32
166 36
163 33
153 33
149 34
150 30
153 23
155 27
163 35
163 37
166 40
163 39
163 41
163 43
153 43
149 42
143 43
155 46
153 52
163 60
163 49
163 47
163 45
166 44
166 48
172 56
155 47
153 57
143 57
155 61
163 66
166 53
172 51
176 57
186 57
186 56
186 67
178 66
178 76
179 70
163 65
163 71
156 65
163 61
166 57
178 60
179 64
186 68
186 70
187 71
186 82
209 76
209 77
210 79
209 81
209 85
209 86
202 85
201 84
201 82
218 69
212 74
209 82
209 87
218 94
246 89
246 73
246 81
224 82
225 80
224 76
222 74
224 85
225 86
246 65
246 49
246 57
246 48
246 45
246 46
246 47
246 44
246 32
246 31
246 33
246 43
224 38
222 36
222 31
218 30
212 31
209 43
212 44
216 41
218 35
217 35
216 32
212 34
209 34
209 35
209 32
209 30
209 28
212 27
209 26
209 24
212 23
212 19
212 10
222 8
222 10
218 9
216 13
212 8
201 6
195 15
199 13
193 15
194 15
195 10
194 10
199 11
209 14
209 16
209 20
209 22
209 18
212 15
217 13
218 13
219 5
241 0
246 10
246 25
246 41
246 17
246 9
246 30
222 47
216 48
225 55
224 60
225 61
224 67
224 57
224 51
224 39
218 32
217 32
217 30
212 36
215 41
209 38
202 55
209 57
209 56
209 52
209 51
209 48
209 47
186 33
189 29
186 24
186 22
186 28
186 26
186 30
186 32
195 35
201 33
209 39
209 41
209 44
210 54
217 46
222 43
218 41
216 44
217 42
212 48
209 60
201 56
209 61
209 62
218 73
209 67
202 66
202 72
186 85
186 84
186 83
193 101
195 101
209 104
209 92
212 99
218 98
222 99
224 92
246 98
246 97
246 105
224 104
224 113
225 114
224 122
224 120
225 108
224 110
222 101
212 101
209 105
210 107
209 110
209 109
209 113
209 114
209 115
209 120
209 122
209 125
209 124
209 127
209 128
199 114
186 114
193 108
195 113
196 116
189 120
189 114
189 110
169 125
169 117
170 138
172 134
176 135
186 143
209 154
201 155
201 146
186 147
178 150
176 148
163 128
163 114
166 114
166 116
163 132
163 141
173 145
171 138
172 138
171 132
172 132
176 133
186 137
186 133
189 132
189 130
186 134
171 113
172 113
176 114
179 105
176 111
176 116
166 111
172 104
173 108
172 97
176 98
176 100
176 85
176 88
176 90
166 98
166 94
166 90
166 88
163 85
155 79
150 86
143 84
143 95
140 103
140 107
140 113
153 124
146 132
143 135
153 135
153 129
163 120
166 133
171 134
171 136
172 136
176 137
186 142
187 140
186 138
186 130
186 111
186 109
194 108
195 108
194 113
189 128
199 132
209 134
209 135
201 134
199 130
194 129
195 129
209 131
209 130
224 131
224 125
224 128
219 137
225 142
222 140
225 141
225 140
224 135
225 138
222 145
218 146
217 144
218 144
216 146
217 146
222 150
218 137
217 137
216 137
212 140
209 144
212 145
218 149
217 149
212 153
209 152
209 150
212 150
212 148
209 148
209 146
202 147
202 141
201 137
201 143
186 146
186 148
186 153
179 158
179 156
178 159
186 178
186 179
202 194
209 194
209 193
209 192
212 178
209 177
202 177
209 167
209 169
209 164
209 165
209 166
209 170
217 179
216 179
217 177
218 179
222 178
224 183
225 187
210 186
209 189
209 183
209 184
212 181
216 172
218 177
217 172
218 172
224 166
224 167
224 170
224 189
224 192
225 193
224 199
224 201
209 199
209 201
209 204
209 205
210 207
209 209
209 210
209 215
216 224
217 225
215 224
222 226
224 222
246 232
246 224
246 208
246 216
246 200
246 193
224 204
224 210
225 208
224 213
225 214
224 220
218 224
224 228
224 229
224 230
223 241
222 235
219 232
209 222
209 220
209 214
209 213
202 207
201 206
201 204
186 206
186 207
178 227
172 230
166 223
163 222
171 222
172 222
176 223
189 231
189 233
176 241
199 233
199 231
209 224
209 228
209 226
209 230
209 229
212 235
195 230
195 223
193 223
176 236
173 233
166 236
168 241
166 232
163 228
149 227
143 229
143 236
143 232
126 223
117 233
123 241
109 234
107 231
97 226
103 217
107 216
109 211
109 209
104 213
94 204
94 203
109 188
110 182
126 180
133 181
130 174
130 176
126 173
126 169
133 161
130 149
132 151
143 146
147 146
147 150
166 140
166 137
166 135
163 134
163 136
163 139
153 149
149 152
148 148
143 150
150 163
163 157
163 156
163 158
163 159
153 166
153 172
153 176
143 176
143 174
143 172
143 166
132 167
132 160
132 157
133 155
120 149
118 154
117 151
117 152
117 157
117 156
117 162
117 160
117 161
110 154
109 161
109 162
110 168
84 168
84 170
80 169
79 169
84 165
94 160
94 158
97 159
102 158
103 144
109 129
117 125
110 130
110 124
109 126
94 110
94 109
94 105
94 104
95 102
86 92
87 89
87 93
86 97
87 101
86 103
94 99
97 94
103 91
103 93
97 96
94 100
87 107
86 113
86 122
94 126
94 125
94 121
94 120
94 117
94 115
94 108
72 100
71 102
71 94
71 97
71 98
71 103
86 128
80 146
79 140
87 132
86 138
71 122
63 118
61 122
57 123
38 112
38 107
38 109
40 103
40 102
33 98
34 98
34 108
32 105
25 105
25 102
25 103
25 101
25 100
15 99
15 102
11 106
10 106
8 106
5 109
10 110
11 110
17 116
17 115
15 111
15 113
15 109
25 115
17 120
9 140
15 135
17 138
17 153
0 141
2 137
2 136
2 138
2 134
2 128
0 128
0 127
2 122
2 130
0 135
5 135
11 124
2 120
2 117
5 113
5 105
2 106
2 105
0 99
2 103
2 102
2 98
2 100
5 97
12 94
10 94
11 94
11 86
15 87
17 91
15 97
11 100
9 100
8 100
10 98
11 98
10 101
11 103
9 103
10 103
9 106
2 108
5 111
2 112
0 113
0 121
0 120
2 119
2 121
2 116
2 115
2 114
2 110
11 112
10 112
2 107
0 106
0 105
5 99
9 94
0 97
2 94
2 91
2 90
5 81
2 81
5 85
15 85
18 84
18 83
9 82
9 79
5 75
2 66
5 65
8 66
5 62
2 58
2 54
2 51
2 53
2 56
5 58
9 56
10 56
10 54
5 60
0 57
2 50
0 50
0 49
2 48
5 55
5 53
0 64
2 64
2 68
2 70
0 73
2 73
2 71
0 71
2 75
2 76
2 77
2 79
0 78
0 81
2 82
2 92
0 92
0 89
5 87
12 82
11 79
10 82
11 82
10 79
10 73
9 73
11 73
11 64
11 66
10 64
9 66
10 67
11 56
15 55
15 47
15 42
9 45
11 45
10 43
10 41
11 43
10 34
9 31
10 31
11 31
11 34
11 41
15 35
25 30
25 28
25 26
25 24
28 25
28 16
35 13
48 9
38 6
38 8
34 5
32 10
33 10
34 10
38 16
38 18
34 17
28 18
28 12
25 12
25 10
28 8
28 6
19 0
16 0
12 5
15 8
11 10
10 10
5 8
5 14
5 17
5 21
0 17
0 15
0 8
0 9
0 10
2 10
5 11
11 12
11 15
17 25
17 24
17 28
17 37
17 38
17 39
15 44
25 43
25 46
25 41
28 38
25 35
28 30
25 31
25 33
28 32
33 31
32 28
28 27
25 21
25 20
18 0
17 0
15 11
25 22
34 24
33 24
33 28
34 31
34 33
33 34
34 36
32 45
31 45
32 41
33 42
34 41
48 33
38 35
48 34
64 16
63 9
51 6
57 5
61 6
62 0
74 7
78 12
79 13
79 17
81 22
80 35
74 26
78 19
74 19
74 15
74 11
57 22
57 19
48 16
51 21
40 21
40 22
38 25
33 26
34 26
34 28
32 33
31 33
31 41
38 43
41 48
41 47
25 58
25 57
25 56
25 53
25 52
40 57
40 58
40 53
40 61
33 63
34 63
41 64
48 61
51 67
57 69
56 72
55 71
55 78
51 84
57 82
61 77
71 85
71 91
71 93
86 88
94 87
94 89
97 92
97 84
94 88
86 82
87 80
87 70
86 69
80 74
78 74
71 81
71 82
56 76
51 74
51 70
48 63
41 65
41 68
41 67
41 69
41 90
41 91
38 87
38 95
51 78
55 74
61 73
61 70
57 65
71 69
72 64
71 59
63 54
71 63
71 58
71 56
71 57
63 53
63 47
63 49
63 46
61 43
63 45
74 34
63 34
63 35
63 40
57 42
48 39
48 42
51 43
56 42
63 39
63 38
38 27
38 32
48 37
48 35
48 38
48 40
48 44
48 45
48 47
48 49
48 53
48 52
58 56
61 59
63 61
63 63
51 59
48 54
48 46
35 45
33 45
34 45
28 49
11 51
9 51
10 51
10 48
5 50
5 42
2 45
2 43
0 44
0 45
0 47
0 48
0 46
2 47
8 45
5 44
2 41
0 43
0 41
2 39
2 38
0 36
0 32
0 29
0 25
0 22
2 24
2 23
2 25
2 28
2 31
0 30
0 33
2 33
5 33
5 35
2 34
2 36
2 37
10 46
9 48
11 48
11 54
11 59
15 60
15 62
32 63
25 61
31 63
35 63
33 69
34 70
34 72
32 69
31 69
17 77
25 76
25 78
34 82
33 82
32 82
28 67
15 65
25 60
15 60
17 70
15 68
25 82
25 84
25 85
28 84
31 88
33 94
34 94
32 98
28 95
25 94
25 89
25 87
31 85
33 86
34 85
35 88
34 88
33 88
32 85
32 88
28 92
25 98
17 92
18 95
18 96
28 100
31 105
33 106
34 105
34 110
33 108
32 110
25 108
25 107
17 121
17 117
17 122
10 134
11 134
17 137
17 141
18 149
17 150
17 162
25 158
25 165
25 164
32 175
25 171
25 172
18 161
18 159
25 157
9 152
10 164
9 164
10 168
15 169
18 175
11 177
15 176
9 173
5 172
9 177
10 177
5 176
2 172
2 169
2 164
2 153
0 155
2 161
2 160
2 159
2 149
0 148
2 148
2 141
2 147
2 150
0 162
2 162
5 166
9 167
8 167
11 167
11 164
18 174
11 170
10 170
10 173
11 173
12 173
9 170
2 170
2 167
2 166
0 169
2 173
0 176
0 179
0 180
2 179
9 184
10 189
25 188
25 185
25 182
25 184
25 183
25 176
15 188
15 183
12 180
11 184
10 184
11 187
10 187
11 189
9 192
5 194
5 191
11 192
11 196
10 196
11 198
10 192
9 189
5 183
5 179
2 177
0 181
5 186
5 188
0 190
2 191
2 186
2 187
2 184
2 189
2 192
2 194
2 196
0 197
25 199
25 194
25 195
25 196
28 200
25 208
25 197
33 199
15 204
18 207
15 208
25 202
25 210
25 215
25 221
25 217
25 222
17 226
18 233
17 241
16 241
18 241
0 233
2 233
5 224
5 219
2 218
5 214
2 215
0 212
0 211
2 209
2 205
0 204
15 197
12 201
12 205
18 206
11 209
10 209
15 210
18 213
15 214
12 211
10 211
11 211
9 205
11 205
10 205
5 200
5 197
5 204
5 208
5 210
2 211
9 215
10 218
11 218
0 218
2 217
0 219
2 220
2 222
0 225
2 223
0 226
2 226
5 222
5 217
9 211
11 215
10 215
11 220
10 220
9 220
10 223
11 223
15 224
15 219
18 212
25 214
25 211
25 209
25 213
32 217
25 224
28 227
34 224
38 227
40 222
41 225
41 226
48 226
48 224
51 229
51 232
57 231
61 229
74 233
61 234
61 232
84 231
94 234
84 233
80 230
84 228
74 231
71 225
71 223
74 228
80 227
51 234
46 241
57 228
57 217
56 217
57 220
63 215
63 214
74 218
71 211
71 212
74 210
71 213
63 210
61 208
55 217
51 208
51 206
51 203
48 202
56 202
57 202
63 200
71 201
71 203
71 206
80 208
80 219
84 218
81 215
86 213
94 211
94 209
97 216
94 221
94 223
97 229
97 231
103 228
103 225
107 226
107 229
133 233
140 221
143 226
140 225
149 230
163 227
153 226
148 225
149 225
140 223
140 216
140 214
140 211
141 208
140 215
140 206
140 200
140 205
140 210
125 208
120 207
126 208
130 207
130 201
127 198
124 195
126 195
140 195
140 193
140 190
132 192
126 184
127 184
117 181
120 176
117 185
117 191
109 181
94 194
95 196
94 198
94 199
94 202
86 203
86 212
86 206
87 195
94 193
94 190
87 189
86 191
94 188
94 177
95 175
109 178
109 172
110 176
110 169
117 167
120 174
123 184
124 184
125 184
126 189
130 190
125 189
120 190
120 188
117 192
117 193
117 197
117 195
117 189
123 195
125 196
130 197
132 193
133 186
133 187
140 185
140 194
155 193
155 190
166 194
163 197
166 204
163 212
155 223
155 221
156 215
155 214
155 211
156 209
155 205
155 202
166 208
172 211
171 211
166 201
172 199
156 194
155 200
140 202
140 189
141 187
140 184
140 180
140 181
140 179
149 173
153 174
155 180
155 179
166 184
155 184
156 188
155 181
166 190
170 194
171 192
170 190
171 188
170 187
166 180
176 178
172 177
176 189
176 193
186 190
186 189
186 192
187 193
178 197
172 202
186 205
186 204
202 188
209 188
209 181
209 179
201 178
209 175
209 173
212 174
212 163
217 162
217 160
222 161
224 155
222 159
224 165
222 163
218 162
218 160
218 158
217 158
224 156
222 153
218 152
217 152
212 159
212 161
209 162
209 160
209 158
209 156
209 155
201 153
195 157
186 155
176 162
176 164
172 161
176 169
176 174
172 182
176 180
166 174
166 178
169 166
166 169
166 164
166 162
163 150
170 149
166 148
166 144
163 144
153 140
153 145
148 144
147 143
143 129
143 140
126 148
126 141
124 141
109 138
109 136
94 138
94 154
94 161
94 162
94 167
94 172
84 176
81 173
84 182
72 188
71 191
71 194
86 194
86 201
109 202
117 209
110 203
120 201
109 199
110 197
109 193
109 190
94 182
94 178
94 181
94 183
86 185
84 180
80 179
74 180
74 170
74 176
79 171
78 166
80 166
79 162
79 160
84 161
94 164
87 157
97 165
100 166
102 164
103 164
107 159
103 158
107 165
104 166
102 166
103 166
101 166
97 170
94 173
84 172
74 182
71 186
71 185
71 190
71 195
71 196
61 192
61 190
57 189
56 187
57 187
63 195
63 196
61 203
63 199
56 207
57 207
57 204
48 210
48 214
48 213
51 219
48 217
48 215
48 219
38 220
34 217
40 211
48 200
41 194
41 196
40 197
40 202
38 200
34 199
32 201
40 215
41 218
41 219
35 224
34 228
33 224
28 234
28 230
28 220
32 224
33 217
35 217
40 214
41 210
41 208
48 207
48 199
48 198
48 195
48 196
48 194
51 190
48 184
48 185
48 187
51 192
51 186
51 184
51 188
56 185
55 182
61 177
71 169
71 171
74 172
80 171
79 167
74 165
71 166
71 168
71 164
74 161
77 162
84 147
74 147
71 138
61 133
57 144
51 145
51 137
51 133
58 126
51 124
51 129
51 122
48 124
41 131
41 133
25 133
25 134
18 147
34 136
40 134
25 131
25 132
25 125
25 121
38 123
40 125
38 119
34 121
32 121
31 121
33 122
32 124
25 123
28 119
28 115
32 113
33 113
25 113
25 112
25 110
28 109
31 110
33 111
34 113
35 116
48 121
48 118
57 116
56 121
57 121
56 123
61 124
71 127
72 125
71 123
79 115
71 107
71 113
71 108
57 132
51 141
61 141
58 138
57 136
61 129
61 137
71 133
71 128
71 132
71 150
61 145
71 157
71 163
71 162
64 158
48 173
48 177
48 180
51 180
48 182
51 177
56 179
57 179
57 182
57 185
56 182
61 188
61 186
61 180
64 174
57 176
56 176
57 161
51 147
48 157
41 184
40 185
40 188
32 187
41 182
41 172
40 176
49 174
40 171
40 165
48 159
48 156
48 158
41 164
40 157
41 156
48 150
55 149
61 147
63 150
64 156
63 159
71 160
77 166
78 162
80 162
80 160
86 150
94 136
94 131
94 130
94 129
87 126
95 123
109 120
109 117
109 115
117 110
109 108
109 105
109 99
110 103
117 107
132 96
120 74
107 75
107 73
103 72
103 69
103 66
103 64
107 65
107 70
107 79
107 83
109 87
109 88
109 89
107 92
107 94
107 96
101 84
102 82
101 80
102 78
97 80
97 75
101 77
97 70
97 73
87 66
86 65
86 58
87 57
86 56
87 55
97 62
97 60
97 68
97 65
103 59
107 57
107 60
107 62
107 55
109 51
103 49
103 54
97 57
97 55
94 51
97 17
84 18
78 15
84 14
84 11
81 8
80 5
80 0
94 6
99 0
97 10
97 13
103 11
103 8
109 6
117 6
120 10
120 13
117 18
120 17
126 11
126 8
126 0
132 6
140 10
143 12
147 10
149 10
148 10
140 6
144 0
155 6
163 10
166 13
166 11
163 6
162 0
176 0
171 10
172 10
172 12
172 15
166 18
163 25
163 27
163 23
153 21
149 20
143 23
140 27
140 19
132 19
126 21
125 21
124 24
120 23
117 23
117 21
117 19
117 24
117 26
117 28
117 27
117 30
117 31
117 33
117 35
117 34
117 37
123 37
124 37
120 41
117 39
117 45
117 47
120 61
117 62
117 63
