11082.0 13601.0 8138.0 1785
120 20
127 21
125 21
133 22
130 18
120 14
120 18
117 18
109 20
107 23
120 30
130 32
130 30
130 24
133 23
140 25
140 28
130 34
126 46
120 54
107 61
107 80
107 85
101 88
102 89
101 91
97 85
84 80
84 85
84 74
102 63
97 49
97 55
103 53
97 51
84 45
94 44
103 34
117 32
109 28
107 25
103 22
107 17
97 25
97 23
97 17
103 16
103 5
103 8
97 7
94 12
84 8
94 14
94 19
94 20
84 18
84 22
94 28
71 26
74 19
78 16
78 19
79 17
79 21
78 23
79 25
80 25
74 39
74 45
103 48
110 44
120 43
120 47
130 47
123 51
120 49
120 59
107 59
107 64
126 73
126 62
130 49
130 54
140 63
143 63
143 61
140 61
143 65
140 65
143 68
140 72
148 72
153 73
153 68
153 63
153 65
153 61
149 67
148 67
140 68
130 59
143 58
148 52
149 52
153 50
153 48
149 42
153 53
150 55
153 58
149 60
148 60
143 53
140 53
130 43
130 38
140 38
140 34
143 35
143 39
140 40
143 48
143 50
149 47
143 44
140 36
172 20
176 21
163 16
163 18
166 21
172 23
172 29
147 33
148 31
140 29
140 32
148 33
153 32
149 33
166 26
166 24
153 24
153 28
147 29
148 27
147 25
148 23
149 22
146 22
140 20
140 22
143 29
126 31
117 27
120 24
126 21
130 20
126 17
124 21
125 17
120 10
126 5
126 8
120 7
125 0
143 8
147 5
148 6
147 8
148 10
153 7
147 12
153 11
149 14
140 18
143 12
133 25
133 29
133 28
133 26
140 24
147 22
143 25
125 31
123 35
120 34
120 32
120 38
107 49
107 51
103 58
97 61
97 64
103 66
103 63
97 59
94 64
84 58
77 55
80 66
74 68
74 63
74 58
80 50
81 36
84 39
84 18
84 13
74 13
63 11
63 17
64 15
74 8
77 5
67 0
57 5
51 7
38 0
34 5
38 11
34 12
35 8
28 7
28 11
25 16
25 18
15 21
11 22
10 22
9 22
10 20
11 20
11 17
9 17
10 17
15 8
12 5
11 9
5 8
2 13
0 11
2 15
2 17
2 19
2 20
5 19
5 21
9 29
8 29
10 34
9 32
10 30
11 29
15 31
15 35
25 28
28 29
28 34
33 36
34 37
32 36
31 36
41 32
41 31
48 29
48 27
48 22
48 21
48 20
48 17
48 16
49 14
48 12
48 11
38 21
38 24
34 20
34 23
33 23
28 21
25 24
28 24
28 26
34 28
33 28
32 30
31 30
33 30
34 30
35 30
38 26
38 29
48 32
48 33
41 34
41 35
41 39
41 40
41 42
41 44
48 48
48 43
48 42
48 38
48 37
49 35
63 27
64 21
63 20
74 23
63 29
63 32
64 36
63 38
64 42
63 48
56 50
63 57
64 61
63 63
64 67
48 68
48 73
48 82
33 73
25 61
25 66
25 64
25 65
18 69
17 70
25 71
18 80
25 80
25 81
26 83
25 85
18 86
25 86
25 89
25 90
25 91
40 80
40 71
40 61
40 64
41 65
48 67
48 63
48 62
49 60
48 58
48 57
41 59
40 55
40 52
38 50
34 47
33 47
38 48
34 45
33 44
32 44
31 44
28 42
28 48
28 50
25 52
25 56
26 58
25 60
25 55
25 51
25 48
15 47
11 49
10 46
5 47
2 47
11 46
11 41
10 41
9 36
11 36
10 36
5 32
2 32
2 31
5 28
5 24
2 25
2 28
2 23
0 21
2 29
0 31
2 37
2 35
2 39
0 38
0 41
2 42
5 38
9 41
5 43
2 44
0 48
0 51
0 61
0 71
2 70
2 71
0 91
2 96
2 97
2 98
0 101
2 99
25 103
25 104
33 112
34 112
33 110
34 110
49 108
48 111
48 105
48 106
40 96
34 98
35 106
38 109
38 111
32 112
28 111
28 109
25 110
25 113
28 114
25 115
25 117
25 119
17 123
11 115
9 115
0 111
0 121
2 123
2 124
3 126
2 128
2 129
0 131
2 132
2 133
2 134
18 127
17 132
2 144
0 141
2 141
2 139
17 139
17 141
11 143
0 151
0 154
2 159
2 157
2 155
10 143
31 170
32 170
33 170
31 178
32 178
28 176
34 171
41 174
41 170
48 168
48 170
51 169
51 177
48 177
48 173
57 175
56 175
55 175
71 189
74 192
74 194
74 189
71 188
74 175
71 181
63 179
63 180
71 186
61 187
51 189
51 185
57 186
56 186
48 183
48 180
51 183
51 187
48 187
41 178
41 176
48 178
48 179
48 175
63 173
74 157
74 161
78 161
79 159
79 155
78 154
80 149
84 156
86 151
84 160
81 163
94 166
94 170
94 168
101 178
97 180
94 176
97 175
97 171
94 172
94 174
97 167
101 165
102 165
103 163
94 158
94 148
94 146
101 145
102 145
103 145
109 151
103 165
117 169
117 168
117 166
120 164
117 173
117 175
117 174
120 181
117 177
117 172
117 167
117 162
107 143
104 140
103 137
97 139
94 135
97 125
94 108
94 109
84 114
80 115
84 118
84 116
79 115
74 114
71 116
64 115
63 111
56 100
63 98
74 95
78 95
79 93
78 92
74 91
74 85
81 82
84 63
81 71
74 80
74 74
63 73
56 75
63 82
49 85
48 83
41 84
40 86
48 87
48 88
63 88
64 92
63 91
64 86
63 105
64 109
61 130
63 121
71 118
74 116
74 118
81 111
74 110
74 106
74 103
74 99
78 99
79 97
80 101
80 104
84 98
84 94
84 91
94 101
97 95
101 95
102 93
107 94
107 90
97 91
97 80
100 77
120 74
120 76
126 75
130 74
130 76
126 82
132 79
143 79
143 73
143 85
147 76
148 76
149 76
149 72
150 76
156 78
156 77
156 80
153 79
149 83
150 86
153 91
143 96
143 91
153 96
163 93
166 98
176 93
176 85
179 89
186 69
186 65
189 68
189 70
194 69
189 82
186 76
178 71
172 74
171 74
172 69
170 74
172 88
172 92
166 109
163 118
163 119
156 130
150 129
156 126
147 129
149 129
148 129
143 132
140 126
143 122
140 114
140 106
143 120
130 126
124 124
123 124
126 133
130 141
123 138
120 141
124 129
124 127
125 125
126 124
126 119
125 114
120 117
130 117
130 115
126 114
120 115
117 124
117 117
120 121
120 127
117 126
109 109
117 115
117 111
120 103
120 99
124 103
117 109
107 106
103 105
97 106
94 103
103 97
103 111
104 122
107 125
117 127
117 130
117 131
117 132
107 134
107 131
103 132
102 133
101 135
97 135
100 132
101 132
97 131
94 132
94 134
97 143
97 147
94 151
107 164
97 164
78 157
71 151
63 148
56 150
61 157
74 167
61 161
61 159
57 156
56 156
51 161
51 159
55 163
57 163
56 163
51 165
41 168
48 166
48 164
41 160
41 166
34 163
33 162
32 162
34 155
31 162
28 168
15 182
11 181
10 181
28 182
11 178
11 169
5 180
5 175
17 184
17 185
17 188
17 189
15 192
15 203
10 200
11 200
15 199
15 201
17 195
17 194
25 194
25 192
31 194
33 195
32 194
28 193
25 190
25 197
28 198
28 201
28 205
25 196
28 185
32 183
28 189
25 188
25 186
25 184
25 181
33 183
33 181
34 181
33 178
34 179
38 182
34 183
34 194
34 192
33 192
34 197
38 193
48 196
61 189
57 190
56 182
57 182
61 183
61 185
77 186
78 189
80 191
79 187
80 186
78 186
94 178
94 188
94 186
97 182
107 184
117 185
125 185
126 192
133 193
140 200
140 204
143 200
143 187
140 184
140 182
140 186
143 183
140 175
143 173
140 172
149 162
153 151
153 145
147 142
146 142
140 144
143 138
140 142
140 143
130 146
133 152
143 151
133 166
133 169
126 161
125 161
117 159
117 158
110 158
117 156
120 152
124 149
125 149
127 149
120 146
126 149
130 152
126 156
130 158
124 159
120 162
120 159
123 156
124 156
125 157
130 162
130 164
133 168
133 173
133 174
140 176
133 175
130 181
133 177
130 186
117 187
117 189
120 189
125 187
120 186
126 185
125 182
126 180
124 187
126 187
140 188
147 190
149 194
163 190
172 171
172 168
171 171
170 171
163 169
163 165
166 161
166 157
166 155
166 159
163 157
163 152
166 146
170 146
170 134
163 126
163 120
153 118
153 120
148 117
155 114
153 111
153 102
146 103
149 117
153 122
149 125
140 120
140 118
143 118
143 111
149 110
143 102
125 97
124 99
124 96
120 95
120 93
126 92
130 98
130 95
125 92
117 88
117 83
117 79
125 82
120 83
130 83
130 85
130 93
130 102
126 105
125 101
117 93
120 89
120 85
125 88
126 88
130 89
140 91
143 89
148 90
149 90
150 93
156 81
153 89
166 93
166 85
166 82
163 71
166 76
163 77
163 75
166 80
172 79
176 80
176 82
171 92
172 84
163 89
166 104
166 107
166 114
172 106
173 111
172 121
172 126
173 126
170 117
176 114
176 109
173 95
176 98
186 115
189 110
176 104
176 107
189 95
195 107
199 110
209 102
218 104
249 111
249 131
249 151
225 143
225 149
222 147
217 154
222 153
225 145
225 147
225 152
225 151
224 164
222 182
225 183
225 184
222 191
222 193
222 189
222 187
224 196
222 200
237 212
222 205
226 212
222 203
249 191
249 171
225 182
225 180
218 172
218 154
216 158
222 157
222 155
218 158
217 158
212 160
212 157
212 155
212 153
209 150
209 164
209 166
224 166
217 179
216 179
217 186
218 186
219 179
218 179
209 161
209 159
199 162
209 155
212 135
216 132
209 130
212 130
200 139
212 147
225 135
225 137
222 130
218 132
217 129
222 115
222 113
225 121
224 126
224 127
202 112
209 125
209 126
209 127
209 121
194 119
193 119
186 117
186 120
189 121
193 114
194 114
196 107
195 100
193 107
194 107
202 111
202 110
202 108
212 101
209 100
209 98
209 96
212 93
216 91
217 91
212 81
218 79
216 79
212 78
216 76
216 73
212 72
209 76
209 80
209 82
209 78
212 75
209 73
209 75
199 68
202 67
202 66
202 60
202 62
202 58
199 56
202 54
222 54
212 54
212 52
209 52
212 48
209 43
199 49
199 45
194 44
189 46
189 49
195 48
193 53
202 56
209 54
209 57
216 56
217 56
218 56
217 61
218 61
222 62
222 64
225 71
222 66
219 68
218 68
217 68
212 58
209 59
212 62
212 64
212 66
209 69
209 66
209 64
202 64
209 62
215 68
216 68
217 76
218 76
217 73
218 73
225 70
249 91
249 71
249 51
222 41
222 52
218 51
217 51
217 42
217 40
218 40
249 31
237 0
212 0
203 0
209 6
225 22
218 29
217 29
212 39
212 35
216 29
212 27
209 32
209 30
202 26
202 34
199 41
202 31
202 28
202 32
202 35
193 42
189 42
189 34
192 36
194 36
193 39
194 40
195 37
193 36
176 26
177 0
172 5
172 12
166 11
166 7
173 8
176 11
176 24
186 16
186 12
195 5
189 6
186 9
186 14
189 14
186 18
189 18
189 16
199 16
201 9
199 6
199 12
199 14
195 11
194 11
189 12
186 20
189 20
189 26
192 28
192 22
193 22
194 22
196 22
195 22
199 20
199 18
202 24
202 27
195 29
193 28
194 28
202 23
209 22
218 12
224 6
249 11
218 25
212 31
209 34
209 36
209 39
209 40
209 45
209 48
216 42
218 42
212 44
212 41
202 36
193 46
194 53
195 53
196 53
195 50
189 52
189 56
189 62
199 62
195 69
199 70
202 76
199 82
195 81
189 87
196 83
212 86
209 85
217 79
222 90
218 85
217 85
219 87
222 86
218 91
218 96
217 96
216 96
212 98
216 99
217 99
212 90
209 94
209 92
218 99
218 112
217 107
218 107
217 112
212 109
216 107
212 106
209 108
209 110
209 113
212 113
212 115
218 129
217 132
219 132
225 133
225 139
225 141
222 135
222 141
212 141
202 135
195 119
195 114
189 116
179 128
179 127
171 126
170 126
166 129
176 129
186 122
186 124
186 126
186 128
186 130
186 133
186 134
186 135
195 138
195 134
189 125
189 129
186 139
176 131
172 138
171 130
172 130
166 131
163 130
156 132
153 132
156 138
156 140
153 138
163 137
163 135
156 134
163 136
156 136
149 142
150 148
148 142
143 145
133 150
133 153
133 154
149 157
143 167
143 164
143 171
148 172
149 172
140 178
140 177
147 181
149 181
148 181
156 175
153 173
163 176
163 174
156 177
156 178
153 200
148 199
149 199
153 202
166 198
163 188
163 194
166 194
172 196
170 199
171 200
176 205
189 205
189 201
189 198
195 199
194 195
193 193
195 195
189 196
186 196
186 193
189 193
186 189
189 189
189 180
186 178
186 180
189 184
186 186
176 194
176 201
186 192
186 188
192 186
194 187
193 186
196 181
212 182
209 187
195 186
199 184
209 189
209 191
209 193
212 193
217 199
218 199
218 202
212 200
212 203
212 205
212 212
203 212
209 200
199 196
199 192
193 189
194 191
199 188
199 198
209 196
212 191
212 189
212 187
202 176
202 175
202 174
202 172
199 174
195 178
194 178
193 178
189 174
193 171
195 166
193 166
192 166
186 164
176 163
176 169
176 165
171 168
166 169
163 163
163 161
166 163
166 165
176 161
176 157
172 160
171 160
171 156
172 152
170 152
171 152
173 152
172 156
176 159
176 155
176 149
179 154
179 153
186 160
186 168
186 166
186 169
189 169
186 162
189 164
194 167
193 169
194 171
195 171
196 171
199 168
199 164
201 156
199 153
195 152
199 160
194 159
195 159
189 160
189 162
186 156
189 153
192 145
194 138
186 148
176 145
171 148
170 150
166 150
170 143
171 144
149 165
163 172
166 173
166 177
163 178
163 180
163 182
166 181
172 184
171 193
172 193
170 202
171 204
177 212
170 206
166 206
166 202
155 204
143 202
140 192
140 191
140 193
130 202
132 205
128 212
130 212
129 212
126 212
127 212
125 212
124 212
121 212
122 212
123 212
120 212
119 212
118 212
130 200
126 201
125 199
126 199
126 196
120 200
117 205
107 206
97 197
94 197
94 192
94 189
97 189
101 197
102 199
107 200
117 199
120 202
120 198
117 192
117 193
117 191
117 184
126 182
125 180
124 182
120 184
117 182
117 180
107 182
103 181
102 178
103 178
101 189
97 184
94 180
87 181
84 188
84 192
84 194
86 197
85 212
97 206
97 204
103 205
97 193
102 195
101 193
102 191
100 186
101 186
102 187
103 186
107 192
107 188
107 196
107 204
104 201
94 193
94 196
94 200
80 203
71 197
61 202
61 204
61 199
57 198
57 201
51 202
33 197
34 199
38 198
38 196
48 194
51 199
51 204
38 212
15 205
5 205
5 212
11 202
5 203
0 201
2 199
2 200
2 193
5 192
10 191
11 191
11 197
10 198
9 197
8 197
5 201
2 197
2 195
2 194
2 188
2 187
2 189
2 191
0 191
2 183
2 185
2 184
5 182
2 181
0 181
2 180
2 178
5 171
9 178
10 178
5 156
5 160
2 164
0 171
0 161
2 161
5 168
11 166
17 164
9 154
10 154
11 154
28 160
31 154
28 152
31 146
32 146
34 147
32 154
33 154
41 150
41 152
41 154
51 157
48 157
41 158
41 162
48 161
48 159
41 146
41 144
48 143
48 148
64 142
64 136
63 132
63 138
48 142
48 138
48 137
57 129
56 123
48 115
48 116
48 121
51 130
49 135
48 133
48 132
41 134
41 136
41 138
41 142
33 146
28 144
31 138
32 138
33 138
34 139
35 132
34 132
34 130
33 130
33 132
32 132
31 132
28 136
28 131
25 130
18 133
17 129
25 122
28 118
33 121
34 121
38 131
48 110
40 104
40 103
48 98
48 93
48 92
48 91
41 90
40 89
25 96
25 102
18 99
17 98
17 96
3 85
2 84
2 82
2 81
0 81
