8030.0 10078.0 6539.0 1483
28 152
32 159
33 159
34 159
51 157
51 151
61 157
64 156
64 153
64 155
64 159
64 158
74 157
79 159
78 159
74 165
87 159
87 163
87 165
87 167
80 168
79 167
77 167
77 175
78 175
79 175
80 176
74 184
74 181
61 175
78 167
58 161
57 165
61 164
61 166
61 179
61 177
51 177
51 173
51 175
48 177
51 179
51 181
48 179
48 181
48 183
57 185
51 196
48 189
40 182
40 184
34 186
33 186
32 186
32 176
33 171
32 171
28 173
25 177
15 172
25 174
34 176
25 184
25 187
25 191
25 189
25 193
25 199
25 201
25 206
25 205
25 207
25 209
28 211
34 209
33 212
34 212
40 205
41 206
40 215
38 213
25 217
25 221
25 223
15 214
11 217
11 213
10 206
11 206
11 202
10 194
10 200
11 200
15 201
17 197
15 195
11 194
11 190
18 191
11 180
10 180
9 180
5 177
2 168
5 170
10 173
5 172
5 175
9 173
11 173
11 176
10 178
9 185
10 185
11 185
15 179
11 178
10 176
15 177
25 169
25 182
25 179
28 178
28 188
34 195
28 192
33 209
32 209
33 219
33 221
32 221
34 221
40 217
38 220
34 219
28 223
28 226
25 225
18 218
17 211
17 209
15 207
15 203
5 195
2 197
5 187
2 183
5 182
2 185
2 189
0 190
2 187
2 191
0 193
2 206
2 211
2 217
0 228
2 234
5 226
5 222
5 230
0 235
2 241
0 242
2 246
17 246
17 251
12 256
11 253
0 249
2 251
5 255
5 259
5 264
4 264
3 264
2 264
15 259
25 250
28 258
28 254
25 248
25 237
25 238
25 241
17 241
17 234
15 230
25 227
25 232
25 231
25 236
28 235
28 231
32 232
32 229
33 232
35 232
41 234
48 239
48 240
48 258
58 248
61 251
56 243
55 243
57 243
63 240
63 241
57 236
55 236
51 238
56 236
48 244
48 246
51 245
40 238
39 241
34 240
33 240
40 237
38 235
34 232
41 233
34 224
33 224
32 224
33 229
34 229
25 229
25 214
28 213
28 220
25 211
25 212
25 215
25 219
11 224
12 227
11 221
15 222
10 221
10 213
5 214
2 218
2 216
0 221
2 222
0 218
0 214
0 211
2 213
5 207
2 209
0 204
0 200
0 197
2 200
5 201
5 203
2 194
2 190
0 186
2 181
2 178
5 179
2 176
0 179
0 176
2 175
2 173
2 171
2 170
0 169
0 165
0 162
2 166
5 165
5 161
2 162
2 160
2 149
2 142
2 134
0 141
0 145
0 148
2 157
0 155
0 151
2 140
0 134
0 137
0 127
2 128
2 116
5 112
2 112
0 113
0 109
2 103
0 106
2 101
2 99
5 100
5 104
12 118
5 121
10 123
10 127
5 128
5 138
17 140
25 142
25 141
25 149
25 145
25 146
25 147
25 140
28 137
31 149
28 156
33 154
34 154
32 154
32 149
33 150
34 149
32 152
25 151
25 152
25 155
25 160
10 159
9 159
2 165
5 167
11 159
11 166
10 168
9 168
11 168
10 166
15 167
10 171
11 171
25 172
25 165
25 164
25 166
25 167
17 157
25 162
25 157
28 161
40 165
48 166
40 166
40 167
40 169
34 171
33 176
48 175
48 173
48 170
48 168
51 170
51 168
51 166
51 164
56 165
61 168
61 170
57 172
56 172
61 173
74 173
74 188
74 191
71 193
71 198
74 197
79 190
80 190
86 199
87 202
87 203
87 204
94 197
97 197
94 195
97 195
101 193
102 183
101 181
103 178
101 178
128 193
128 221
128 235
128 249
109 236
103 232
97 234
94 232
94 231
94 228
94 229
94 234
94 238
94 236
94 224
94 223
94 222
97 217
101 219
102 219
103 226
102 227
103 229
102 229
107 228
101 232
102 232
102 240
103 240
109 238
102 243
107 244
107 241
103 243
97 244
84 258
94 256
110 256
109 249
107 246
103 245
94 243
86 242
80 244
86 230
79 225
79 212
78 209
71 209
71 206
71 201
71 199
71 202
71 203
71 204
79 209
80 195
71 190
63 189
61 186
51 186
51 183
61 181
61 183
57 191
51 200
48 202
48 203
48 204
51 193
57 194
64 203
55 206
51 208
48 209
48 214
57 212
48 220
48 222
48 227
51 228
57 224
57 227
56 227
61 235
63 230
61 228
63 217
71 216
71 225
71 223
71 227
71 217
63 216
57 222
63 210
71 215
71 212
71 211
63 202
57 206
56 206
48 206
48 208
48 210
48 212
48 216
48 215
48 217
48 224
48 226
56 222
56 219
56 212
55 212
51 214
51 220
51 223
51 226
56 224
55 224
57 219
61 220
61 223
63 231
57 233
56 234
54 233
55 233
48 231
48 230
48 229
48 235
48 233
48 236
48 238
48 241
40 248
40 250
38 258
35 255
34 252
32 264
34 264
35 264
33 264
48 256
51 251
57 252
74 256
74 258
74 253
71 250
80 252
80 255
84 253
84 256
94 249
97 246
97 241
94 241
86 241
86 240
84 236
84 238
80 235
79 232
80 232
78 225
79 220
78 220
71 221
74 222
74 213
74 211
80 216
80 220
80 225
74 227
71 229
71 228
71 230
74 234
71 248
71 236
71 234
71 232
71 239
71 241
71 242
71 240
74 238
74 236
79 235
78 232
86 229
94 226
97 231
101 226
100 226
101 229
103 220
103 212
101 211
102 211
100 219
87 217
84 213
80 212
80 209
87 206
94 203
94 202
100 211
109 223
109 224
110 219
110 218
110 217
110 215
110 214
110 209
110 210
110 211
110 207
104 205
103 205
103 200
107 202
110 206
102 205
97 209
100 205
97 203
94 200
97 199
101 200
100 200
102 201
101 203
101 205
107 199
107 197
103 196
102 196
102 193
110 190
109 188
109 187
107 184
109 186
128 179
128 165
109 145
103 152
109 159
107 140
103 139
107 138
103 132
97 135
77 145
79 151
77 151
78 145
79 145
81 145
80 145
87 149
80 160
87 151
94 149
94 150
84 142
87 147
80 152
78 151
74 149
77 159
64 149
64 147
71 142
71 143
74 143
74 139
78 139
78 143
79 141
79 137
84 138
80 132
84 127
84 122
71 131
61 125
61 123
61 121
61 119
51 123
48 127
51 127
56 136
57 136
58 136
61 139
61 134
61 132
61 130
61 127
57 129
51 121
51 125
48 125
41 123
41 122
40 118
41 121
40 115
40 110
48 114
48 112
51 104
56 103
57 103
61 104
61 108
61 110
61 106
61 112
61 114
61 117
74 98
61 83
61 81
74 90
87 96
87 92
87 88
94 89
94 95
97 97
103 94
103 102
103 109
94 116
84 117
79 114
80 114
94 115
97 122
94 121
94 126
94 120
94 119
97 117
94 132
94 135
103 125
107 126
107 128
107 122
102 125
100 132
107 117
107 112
102 109
101 109
100 109
97 112
94 114
87 105
87 104
97 95
102 94
107 95
107 97
110 89
128 67
128 81
128 95
128 109
128 123
128 137
128 151
107 142
107 134
107 130
101 135
102 137
97 142
101 148
94 145
87 155
87 157
94 158
94 159
103 163
103 167
94 174
94 176
100 178
107 180
102 179
97 181
103 193
103 190
94 180
94 178
94 181
94 184
94 185
94 186
94 188
94 190
84 191
94 193
86 193
80 182
87 175
87 179
87 180
87 171
87 173
94 163
94 161
94 165
97 169
103 170
109 161
109 160
94 151
94 138
87 133
97 126
97 128
94 128
94 130
97 130
101 132
102 133
97 140
94 134
77 136
71 133
64 137
64 141
61 145
64 143
64 139
61 151
64 151
64 145
71 139
71 136
71 138
78 136
80 136
71 132
71 126
71 125
74 127
71 124
71 121
74 122
78 114
77 114
71 111
71 115
71 114
71 116
71 119
71 120
74 117
71 109
71 108
71 107
74 106
80 101
87 98
87 90
94 110
94 111
94 109
87 111
87 100
78 100
79 100
79 92
87 84
94 82
94 80
97 81
97 69
94 68
94 72
97 73
94 76
94 74
94 70
87 72
87 74
97 77
94 78
87 80
87 76
80 85
79 84
87 82
80 93
77 100
78 92
77 92
74 82
78 84
77 84
78 70
77 70
79 70
81 70
80 70
78 76
74 74
77 76
80 77
79 76
84 67
84 65
87 56
87 55
81 54
80 66
79 66
74 67
63 71
51 65
51 67
48 67
48 71
51 69
51 75
51 78
51 83
51 88
55 86
56 86
57 86
57 77
56 74
57 74
61 75
61 78
57 80
51 81
48 89
48 91
48 87
51 92
51 96
51 100
48 101
48 104
48 97
48 99
48 106
48 108
48 110
51 110
51 108
51 106
51 112
51 114
57 116
56 116
51 117
51 119
48 117
48 119
48 121
48 123
38 130
40 140
51 145
55 136
51 130
51 132
51 134
51 139
41 146
38 151
40 145
41 141
38 137
38 135
34 131
33 129
34 129
38 132
34 134
28 135
28 130
28 132
25 124
25 123
15 121
17 116
25 118
25 121
25 129
17 134
18 149
17 142
11 136
11 127
15 128
15 124
11 123
5 124
2 123
0 123
0 120
2 109
5 108
2 107
2 105
0 99
2 95
2 97
0 95
5 96
5 93
9 94
10 94
11 94
25 95
25 97
25 100
25 102
28 106
25 110
25 115
34 120
34 104
40 102
40 95
40 97
40 100
48 95
48 93
38 73
48 75
56 66
57 66
57 63
57 59
64 51
64 48
64 49
57 41
58 36
64 38
61 31
64 39
71 35
71 36
71 33
74 32
74 29
74 32
74 37
78 33
79 33
79 36
80 36
78 38
74 40
71 40
71 42
71 43
79 38
80 33
79 30
94 43
94 37
94 34
94 36
94 41
94 42
97 48
94 49
97 56
97 61
101 59
103 55
102 55
102 59
103 59
107 58
107 56
103 52
107 54
103 49
102 49
101 49
97 51
100 52
102 53
101 52
97 58
94 54
94 56
94 62
94 60
97 65
94 64
94 66
84 69
81 62
71 60
61 60
61 62
74 65
74 69
71 67
61 69
61 67
56 59
48 57
48 56
48 55
63 55
64 56
71 58
74 57
71 54
71 59
71 52
74 51
78 54
79 49
78 49
80 49
87 45
87 44
87 42
84 37
80 38
80 30
80 27
79 27
80 24
74 23
78 27
80 19
79 21
79 19
80 16
94 18
94 19
94 21
94 26
94 25
94 24
94 23
94 28
94 30
94 29
94 35
94 31
110 37
110 36
103 46
103 42
110 43
128 53
128 39
128 25
128 15
128 11
102 6
101 8
107 7
101 5
97 8
97 12
107 11
102 10
101 12
102 16
103 16
101 21
97 23
102 21
103 21
109 26
109 25
109 31
109 30
110 34
109 29
107 20
103 19
102 19
97 20
97 18
101 16
94 16
84 20
80 21
78 16
78 21
74 26
78 30
94 52
94 51
86 60
86 59
84 57
80 54
79 54
71 45
71 50
71 44
64 47
71 38
74 35
71 32
71 30
71 29
71 23
74 20
79 16
86 11
86 13
74 18
71 19
71 18
71 13
71 11
71 0
80 5
74 7
70 0
57 10
61 11
61 13
61 16
61 18
57 15
40 21
40 6
40 13
34 0
33 0
30 0
28 0
12 5
25 13
15 8
17 11
17 13
17 19
15 25
17 17
25 18
25 21
25 28
25 32
17 31
17 29
25 26
25 23
40 26
40 18
40 23
40 28
48 28
48 26
48 24
48 22
51 31
51 35
48 37
48 35
48 33
48 31
40 32
40 34
34 36
33 36
34 38
33 39
31 38
25 34
25 36
28 37
25 38
25 40
25 41
17 43
17 44
17 42
15 40
11 39
9 36
10 33
11 33
11 36
10 36
10 39
9 33
2 33
5 38
5 40
2 41
2 42
0 43
2 44
2 46
0 50
0 54
0 57
2 62
2 60
5 57
17 67
17 69
17 72
17 74
17 79
25 80
33 77
28 75
28 73
25 70
25 69
34 72
34 77
38 75
40 70
41 65
40 58
38 55
40 49
40 47
48 60
51 60
51 62
34 54
33 54
25 49
25 47
28 45
28 41
25 43
25 45
18 46
11 46
2 52
0 53
0 39
2 38
2 39
5 35
2 35
0 36
2 36
0 32
2 31
2 29
0 29
0 25
2 24
5 25
5 23
11 24
10 24
11 21
0 22
2 19
2 17
0 15
2 13
0 11
2 11
0 8
0 7
2 0
3 0
4 0
5 8
5 0
7 0
6 0
8 0
9 0
29 0
25 6
31 0
32 0
35 0
36 0
37 0
48 6
48 10
57 21
51 23
51 27
51 18
51 16
51 13
51 11
56 10
57 12
63 6
71 16
71 21
55 21
56 21
57 30
71 27
56 30
56 33
54 36
55 33
57 33
57 36
56 36
55 36
55 41
51 43
56 41
51 40
48 51
48 48
48 49
48 44
48 46
48 47
48 42
38 37
38 40
34 43
32 38
32 41
32 43
33 43
34 51
28 53
25 58
28 55
25 55
17 52
17 60
25 65
17 62
15 57
15 55
11 54
10 54
5 55
2 55
2 57
0 64
0 67
2 67
2 69
2 72
2 74
0 78
0 71
2 83
2 79
0 81
0 85
2 85
2 88
0 92
2 93
2 90
5 89
9 87
10 87
11 87
17 85
17 83
