2360.0 2806.0 1370.0 411
122 45
110 48
110 46
110 49
110 50
110 57
110 58
110 56
110 54
107 56
104 53
101 50
100 50
103 53
103 51
102 50
102 53
101 53
97 48
97 40
100 42
110 45
103 43
101 42
102 42
104 36
103 36
110 42
110 41
110 40
110 38
110 32
110 31
110 28
110 29
107 30
110 37
107 35
103 34
102 36
101 36
100 36
97 35
94 34
84 25
80 20
80 17
86 13
86 14
86 6
97 8
97 6
108 0
102 10
101 10
97 18
103 22
101 22
102 22
94 23
97 24
94 13
94 11
97 12
94 25
97 30
102 34
101 27
102 27
103 27
104 27
107 18
104 15
103 5
107 6
107 8
103 10
110 19
110 20
110 17
110 16
103 15
102 15
101 15
87 17
86 15
84 11
80 10
79 10
74 11
71 13
71 12
71 10
71 6
62 0
61 0
60 0
57 16
71 25
71 29
71 36
71 38
78 36
80 44
74 46
71 47
77 43
71 40
71 42
57 46
51 52
51 38
55 42
57 35
61 34
64 37
64 39
64 40
64 36
61 38
58 35
55 35
58 26
48 27
48 25
48 21
48 19
48 23
38 32
34 31
32 35
28 41
28 45
28 54
34 61
34 76
41 71
28 58
25 59
25 55
25 42
25 46
28 45
33 31
34 35
33 35
38 34
40 29
48 29
54 26
48 31
48 33
56 35
57 34
57 27
61 26
74 25
79 24
80 24
84 21
80 34
71 27
71 31
71 33
80 27
84 34
84 43
81 43
79 47
74 48
97 56
87 69
86 70
86 78
87 77
94 71
94 72
94 87
87 85
86 84
86 89
71 89
71 85
71 84
61 86
61 89
61 91
57 88
57 85
57 82
71 78
71 77
71 70
71 71
64 63
61 64
58 61
57 68
57 77
55 73
48 74
48 75
48 76
51 86
51 91
51 89
41 74
32 79
33 81
32 83
25 82
25 79
28 91
28 83
28 87
25 83
17 81
11 83
11 86
13 97
5 92
5 88
5 85
2 81
2 76
2 78
2 74
2 72
2 71
2 68
2 66
2 62
0 66
2 67
11 62
18 62
17 67
17 66
17 68
17 69
15 50
5 56
2 58
5 54
10 53
5 52
2 54
2 47
2 50
2 43
0 39
2 40
0 38
2 38
10 37
11 37
11 32
10 32
9 32
2 27
2 24
2 15
11 19
10 19
9 19
11 9
15 8
12 5
5 8
2 13
5 21
2 22
2 20
2 25
2 29
5 34
2 35
2 33
11 29
17 27
40 27
38 21
38 23
28 18
25 15
25 13
28 8
34 9
35 5
38 8
48 13
51 18
55 19
74 21
71 17
71 15
64 13
63 6
48 6
38 18
34 17
34 20
28 21
28 23
28 32
25 36
28 37
25 38
28 34
25 32
25 27
25 29
17 26
17 25
18 29
17 43
11 45
10 49
11 49
5 50
2 57
0 44
0 41
0 40
2 41
2 45
0 46
0 45
5 38
15 38
17 42
17 41
25 40
25 44
25 51
25 49
28 50
25 53
25 57
17 58
17 59
17 60
15 56
15 54
15 52
11 53
2 60
2 69
17 72
11 76
17 74
17 73
25 76
25 72
25 73
26 74
31 76
28 79
25 78
32 76
33 77
38 78
34 85
38 82
51 84
48 71
48 69
51 64
57 58
56 61
57 61
56 68
55 68
51 70
55 61
48 58
48 56
48 54
48 44
48 43
48 45
33 48
32 48
34 48
48 51
48 53
56 51
57 51
61 52
64 62
64 65
64 66
64 58
63 56
63 55
63 54
80 47
80 49
84 48
103 60
110 70
110 73
103 75
95 73
94 86
95 88
97 91
103 90
107 91
108 97
110 88
110 85
