2248.0 2658.0 1298.0 395
41 39
34 41
33 41
28 49
28 45
26 39
25 38
25 37
18 46
17 45
17 39
18 38
17 31
18 30
25 24
25 21
28 25
33 24
34 24
34 26
38 25
41 21
40 19
34 21
34 13
28 15
25 19
25 17
25 16
25 10
15 8
12 5
11 10
5 8
0 8
0 15
0 22
0 29
2 31
2 32
2 38
0 44
0 42
2 39
0 43
2 45
2 46
0 45
0 46
0 47
0 48
0 49
2 49
0 50
0 51
2 51
2 53
2 55
8 56
9 49
2 58
5 59
9 57
10 57
11 57
12 56
2 60
2 62
2 63
2 65
2 67
9 70
2 70
2 74
2 72
2 76
0 81
5 84
5 80
8 77
11 78
12 77
15 77
25 70
25 69
25 68
28 75
40 83
38 80
38 75
41 76
41 77
41 74
41 73
48 75
48 72
51 82
60 89
57 77
63 75
64 77
63 74
63 73
71 64
71 61
74 65
78 61
79 63
78 65
84 56
79 55
77 58
80 55
74 52
63 52
63 53
57 55
56 55
51 56
51 58
61 56
63 51
63 50
63 41
63 43
71 37
72 38
74 43
74 41
74 47
78 58
78 50
79 50
79 45
78 45
80 50
80 45
87 35
87 23
87 38
84 41
94 50
84 43
80 40
71 21
71 22
71 36
72 23
80 25
80 10
86 6
71 6
56 27
48 32
48 30
48 40
48 43
48 45
38 49
38 45
38 42
34 44
35 46
34 46
33 46
32 46
34 53
33 53
32 53
28 55
25 56
25 54
15 56
25 44
25 42
28 42
33 44
41 48
41 47
41 36
48 38
48 36
48 34
51 33
55 27
57 27
48 28
51 24
51 29
48 25
48 23
48 19
51 20
48 15
51 16
61 13
56 14
57 14
55 14
48 21
48 17
40 17
40 18
41 10
48 11
51 13
61 11
57 10
56 10
51 11
51 8
58 5
61 8
61 0
97 7
103 5
103 12
101 12
102 12
97 11
87 20
103 21
104 21
107 20
110 17
110 16
110 14
110 13
108 0
104 12
107 15
102 19
103 19
97 24
97 20
94 19
97 15
101 21
102 21
104 28
102 28
103 35
110 37
110 34
110 30
110 32
110 33
110 29
110 26
110 25
110 22
110 23
107 24
103 28
101 28
100 28
102 34
101 42
102 42
97 40
97 32
101 34
100 34
100 42
94 45
94 46
94 55
94 59
94 57
94 61
94 65
109 57
109 55
109 48
109 47
109 46
110 38
110 41
110 40
103 43
110 42
122 45
110 50
103 50
94 48
94 71
94 69
94 73
103 74
102 75
97 83
108 89
104 80
107 83
101 75
103 75
107 74
107 66
103 66
107 66
103 67
103 59
94 67
94 63
84 64
84 60
80 58
79 59
74 61
71 60
71 65
74 56
71 58
71 56
71 51
71 46
71 48
71 53
63 42
57 45
51 37
48 41
48 52
48 56
57 64
61 69
61 71
57 68
56 68
51 71
48 73
48 77
57 80
62 89
61 89
81 80
94 76
97 77
94 78
84 83
80 67
84 68
78 71
80 75
74 83
74 68
71 72
71 73
71 74
63 62
63 61
63 60
61 58
48 51
48 50
48 47
48 53
48 60
48 69
51 69
48 66
48 64
48 62
48 59
41 50
41 51
41 61
41 62
41 64
38 63
38 59
41 65
40 68
41 69
35 72
34 72
33 72
32 72
34 79
28 80
25 83
25 89
11 67
17 63
17 64
17 65
18 67
25 58
28 59
32 60
33 58
34 58
33 60
34 60
35 60
28 63
