2538.0 3030.0 1456.0 436
64 18
63 22
63 23
63 24
48 22
48 24
48 25
34 17
28 18
32 26
34 26
40 35
40 37
40 36
41 39
48 47
48 48
49 49
38 57
34 52
40 45
48 33
48 29
48 30
38 32
34 39
28 32
25 35
25 37
9 38
15 35
11 34
10 34
5 35
2 38
2 40
0 39
0 43
2 44
0 44
0 45
2 42
2 47
0 46
2 49
5 54
5 48
9 46
8 45
9 51
0 53
2 58
2 63
2 65
2 61
2 69
2 67
0 67
2 71
0 73
0 74
2 74
5 72
10 71
8 70
9 73
11 71
12 70
11 58
10 51
11 51
10 58
5 59
0 60
15 59
18 56
18 55
18 52
15 54
18 53
9 63
2 75
2 76
2 83
0 79
0 81
2 82
2 85
2 87
15 93
15 91
11 90
5 93
5 91
0 87
11 87
11 77
15 72
17 83
17 84
17 85
25 84
28 79
34 68
34 67
25 64
25 74
25 72
25 70
25 68
17 61
15 70
25 66
25 62
25 60
28 59
34 60
38 59
34 56
33 56
28 57
25 57
25 54
25 52
25 50
25 48
25 45
25 47
25 43
25 39
15 37
12 45
12 51
15 45
11 46
10 46
5 37
2 35
5 30
0 32
2 25
0 29
0 22
2 23
9 27
10 27
11 27
9 22
10 22
11 20
15 21
15 11
12 8
11 5
5 11
0 8
5 7
2 12
11 17
10 20
0 15
2 13
2 15
2 17
2 20
5 21
5 24
11 22
18 17
17 15
17 14
17 13
25 13
25 15
28 8
34 9
38 8
35 5
38 18
32 21
33 21
34 21
33 26
34 31
28 28
25 27
25 29
25 34
25 32
18 28
18 32
18 31
18 29
12 27
15 30
25 22
28 23
25 24
33 31
40 48
40 50
40 49
40 43
48 34
51 34
51 30
48 27
48 23
48 18
48 11
51 6
57 5
61 8
61 0
62 0
74 6
71 9
61 6
60 0
51 8
63 11
80 28
71 25
74 30
71 39
71 44
71 46
74 49
64 46
61 52
61 54
57 60
57 63
55 67
48 68
48 69
51 78
51 82
48 83
48 81
48 77
48 79
41 78
41 77
38 75
38 67
34 75
33 76
32 76
34 76
35 76
38 79
41 80
38 84
34 86
34 89
28 95
28 91
18 87
28 88
28 84
33 83
34 83
41 81
51 88
48 95
48 93
60 101
61 101
62 101
74 95
74 87
79 89
78 89
77 89
80 90
87 89
87 87
87 88
81 92
84 95
97 101
108 101
110 98
110 95
103 85
94 96
94 97
95 98
87 85
87 84
87 81
87 79
87 80
87 77
87 76
87 73
97 69
103 72
97 65
94 56
94 55
97 61
101 59
102 59
103 59
110 56
109 55
122 45
109 49
110 48
94 49
94 48
103 20
94 17
95 18
94 16
86 9
80 15
80 5
84 6
103 5
108 0
110 15
110 18
110 40
109 41
87 25
80 31
94 41
86 40
84 51
84 49
80 44
86 42
86 41
94 42
80 48
79 48
79 53
78 53
80 53
74 51
71 49
71 51
63 57
63 58
64 60
61 64
57 71
48 70
51 64
48 60
48 56
48 58
48 55
51 54
48 52
51 52
56 51
57 51
64 49
61 33
57 36
55 34
56 32
55 30
56 28
55 27
54 27
61 29
63 25
57 27
74 33
74 37
71 40
71 42
63 56
71 54
71 56
74 59
74 67
71 67
74 63
74 55
71 58
71 60
71 62
71 64
79 68
78 68
74 71
77 75
84 71
87 72
97 75
97 81
110 76
110 76
110 77
110 79
110 81
110 82
110 83
107 81
107 75
110 75
122 73
110 73
104 72
102 72
101 72
94 70
94 68
94 66
94 62
94 64
94 60
87 69
87 70
80 68
81 68
81 75
80 75
79 75
78 75
78 81
77 81
80 82
79 81
74 79
61 88
57 89
58 85
57 76
56 76
55 76
