2402.0 2879.0 1407.0 423
40 6
51 7
55 20
61 9
57 8
57 5
61 9
71 6
60 0
61 0
62 0
51 9
48 12
48 13
48 14
41 13
34 17
32 19
33 17
28 21
28 18
25 13
25 6
11 5
10 14
11 14
12 17
11 17
10 24
9 26
11 26
11 33
12 26
15 25
18 22
18 21
18 19
18 18
15 20
10 26
11 24
5 20
5 25
2 34
2 36
2 38
2 40
2 42
0 44
0 43
0 45
2 49
2 51
2 55
0 57
2 53
0 51
2 47
2 44
8 45
12 45
11 51
25 41
25 37
25 35
31 31
25 32
25 33
18 31
15 45
17 47
17 49
11 59
11 58
15 58
10 59
25 45
25 47
25 43
25 40
34 37
34 49
34 45
40 43
40 41
40 42
41 37
35 31
25 30
25 28
18 30
18 28
18 27
15 29
10 33
9 33
9 38
5 35
5 29
0 28
0 27
0 26
0 25
2 24
0 12
2 9
2 11
2 15
5 15
9 17
10 17
15 15
25 17
25 20
25 22
25 26
25 24
48 30
57 32
48 28
48 27
51 23
57 15
55 11
56 20
57 20
58 20
64 25
64 32
71 31
71 46
72 32
71 30
63 28
64 24
61 23
38 18
34 19
33 19
32 24
38 31
40 33
40 34
40 35
51 38
51 36
48 32
48 36
56 35
57 35
56 39
61 40
61 42
71 45
63 47
57 51
51 42
51 40
48 40
48 44
48 46
48 45
48 47
48 51
48 53
48 55
48 57
48 59
48 60
48 62
48 64
48 66
48 69
51 69
51 75
55 73
56 73
57 73
71 76
61 71
61 69
57 68
57 64
63 62
63 61
63 60
61 58
57 58
48 71
41 69
40 70
25 70
17 64
17 63
15 60
17 65
18 67
25 78
25 84
25 85
28 91
28 89
34 88
40 84
41 77
40 78
25 77
25 71
11 67
5 60
2 57
2 62
2 60
0 63
2 63
2 67
2 72
2 70
2 65
0 69
2 73
5 75
10 73
10 70
11 70
11 73
11 76
12 79
15 82
15 85
15 89
9 86
10 84
9 83
5 78
9 73
9 70
5 72
2 75
0 76
0 82
5 82
5 86
5 90
9 90
10 88
25 97
38 91
38 89
41 85
48 80
48 74
48 76
48 78
51 79
51 71
56 68
71 74
74 75
74 79
71 78
71 80
71 82
71 84
71 87
74 87
74 83
80 88
84 89
97 92
108 97
109 81
107 78
101 70
97 67
97 78
94 81
103 83
110 75
110 74
110 72
110 71
107 73
103 77
94 68
87 70
87 68
87 69
79 73
80 73
78 73
80 63
79 62
78 62
74 68
74 60
77 62
77 70
78 70
80 71
79 70
87 57
79 56
78 56
77 56
78 49
74 52
72 47
63 46
63 45
63 44
57 39
61 38
61 36
63 30
63 29
64 21
64 22
71 17
74 18
71 13
79 17
80 19
80 17
94 11
84 18
87 13
86 6
94 9
103 5
108 0
97 14
107 14
103 13
94 18
94 19
87 29
87 32
87 47
84 52
87 53
87 51
87 54
87 50
94 51
94 48
94 47
94 45
97 29
103 23
109 19
109 20
109 21
110 23
107 29
104 26
94 23
94 21
95 43
94 42
94 41
80 34
87 44
81 49
79 49
80 49
80 56
81 56
97 55
107 47
110 43
103 30
103 45
102 46
107 51
101 65
102 65
103 65
103 60
101 56
110 40
100 45
101 45
101 48
102 50
101 52
97 52
97 48
94 52
87 58
87 60
87 61
87 62
87 65
87 66
94 66
94 59
94 58
94 57
94 54
103 54
102 54
107 55
104 70
103 70
102 70
97 73
103 86
97 85
97 88
84 91
74 89
74 91
62 97
60 97
61 97
61 92
57 86
58 89
51 83
48 82
48 84
51 88
51 92
