13912.0 18308.0 12450.0 2566
25 151
26 153
40 156
26 174
25 177
40 180
40 168
40 171
40 166
55 166
48 174
49 177
41 175
40 177
48 175
57 166
71 159
71 160
71 165
71 164
71 163
71 170
71 172
71 174
36 203
18 203
17 203
16 203
11 189
2 195
0 193
0 175
0 166
2 166
2 159
2 156
2 157
2 160
2 163
11 165
2 153
2 152
2 149
0 139
0 145
2 150
0 148
11 145
2 143
2 137
2 138
3 130
0 127
17 106
25 93
25 87
25 90
17 88
17 89
18 102
2 106
2 112
0 112
0 111
2 116
17 122
18 110
17 112
25 104
25 108
25 102
25 101
25 105
26 111
25 118
25 119
25 113
25 117
25 114
18 116
2 122
2 127
0 121
0 118
0 136
0 130
2 136
2 132
2 128
2 133
2 124
2 117
17 115
25 99
25 98
28 96
32 82
28 84
25 91
17 81
25 70
25 85
25 78
17 74
17 73
15 77
11 76
9 69
10 70
11 69
15 64
25 51
18 66
5 68
10 83
5 86
0 73
2 74
2 69
5 77
12 65
5 55
2 58
2 60
2 62
2 64
2 59
2 65
0 64
9 62
9 65
8 62
10 63
11 62
25 65
25 68
15 71
15 68
11 65
10 65
8 69
2 71
2 72
2 73
10 94
9 91
2 78
2 76
2 88
2 89
2 84
2 87
0 82
2 80
2 79
2 81
10 76
15 86
17 80
28 70
40 65
34 62
33 60
28 61
25 49
25 47
15 41
12 45
15 52
15 48
11 51
11 53
10 51
5 48
5 52
2 51
0 55
0 46
9 42
5 44
5 41
0 43
5 39
2 35
2 34
0 28
2 28
2 25
2 21
2 18
0 19
0 10
2 14
2 12
10 18
5 11
10 12
11 12
9 12
10 21
5 31
2 26
2 27
2 30
2 33
0 32
0 33
0 37
2 37
2 39
2 40
2 42
2 44
10 42
11 42
11 37
17 27
11 21
9 21
5 23
2 23
2 32
11 30
10 30
17 34
10 40
9 37
10 37
25 32
17 35
17 33
11 40
25 34
25 35
33 35
34 47
41 53
55 59
51 51
48 46
48 40
48 39
48 27
51 20
38 20
33 14
34 14
35 8
34 12
32 16
31 21
32 21
34 19
33 19
33 17
33 12
28 7
25 12
25 16
17 16
15 19
12 8
2 16
5 7
5 14
5 19
11 18
17 26
15 31
17 28
25 18
25 21
25 23
25 25
28 20
34 21
34 16
38 13
38 11
48 15
48 17
51 17
57 18
55 27
56 25
57 25
57 27
58 27
61 30
61 36
63 32
57 37
54 37
57 35
64 28
71 26
71 21
61 24
58 21
64 29
71 23
71 25
71 27
71 29
71 32
71 31
74 33
71 40
79 45
78 44
71 42
71 34
80 29
79 30
78 29
77 29
79 23
74 24
71 20
71 19
80 23
73 0
74 0
72 0
84 6
97 18
101 15
101 12
94 15
94 14
94 9
94 12
104 15
102 15
103 12
102 12
108 0
120 14
124 12
126 12
126 5
125 12
130 6
127 15
130 18
132 21
130 28
140 22
143 27
148 32
140 28
140 26
133 17
133 16
125 15
126 15
132 20
140 39
133 45
132 58
132 57
132 60
133 69
132 66
127 68
132 77
132 78
133 81
133 82
120 96
125 80
124 80
120 83
117 78
117 89
117 77
117 76
117 80
126 92
125 95
126 95
130 96
132 103
126 122
126 118
124 118
117 120
117 119
117 118
117 127
120 124
110 131
109 127
120 121
125 118
127 110
125 108
132 104
126 108
120 109
117 108
107 104
94 104
86 105
87 97
86 96
87 91
87 76
86 82
86 87
71 77
71 76
71 87
71 88
71 84
72 90
71 93
71 92
64 90
63 86
71 82
71 72
71 75
71 66
71 71
72 69
71 67
71 61
61 54
58 48
56 53
61 51
63 46
71 41
61 43
63 45
77 44
80 55
84 54
81 51
94 60
94 54
107 55
110 58
117 60
117 62
117 58
117 59
117 57
120 54
126 48
130 47
130 43
130 41
127 38
130 37
133 39
133 46
140 53
143 50
143 46
140 42
140 43
140 47
149 47
148 47
150 47
147 43
149 43
150 43
156 45
163 36
163 44
166 45
169 46
166 50
171 46
170 46
166 34
171 35
171 32
172 32
176 28
179 23
172 26
171 27
170 26
169 26
153 11
162 0
150 8
143 7
149 5
163 13
163 12
166 11
166 7
172 5
173 8
176 11
178 13
178 16
186 13
190 0
186 6
199 0
201 6
202 13
202 21
199 23
202 23
202 24
202 25
202 28
202 29
209 39
209 40
209 41
209 47
199 48
199 55
195 54
194 54
194 56
195 56
196 56
199 59
202 60
202 61
202 64
202 66
202 67
202 68
212 76
209 77
209 79
202 77
202 76
199 73
199 66
193 63
194 63
195 63
196 63
194 70
189 73
193 74
195 74
196 74
199 71
195 70
195 72
194 72
194 74
192 74
189 71
189 66
186 70
186 72
186 75
172 75
173 77
172 77
171 77
170 77
170 83
171 81
172 81
171 83
173 83
172 83
176 82
176 86
179 85
179 84
186 80
189 89
189 93
195 94
196 90
199 93
212 92
195 102
189 103
186 100
178 103
172 105
171 105
163 103
163 107
163 102
166 97
166 93
163 99
163 97
163 94
163 92
163 90
166 86
163 83
163 81
163 77
163 75
166 76
166 80
166 82
172 87
171 87
170 87
166 89
163 88
149 77
148 77
149 90
148 90
143 87
140 84
143 83
140 82
143 79
133 70
130 71
140 74
140 78
140 80
143 71
125 62
126 68
125 68
124 68
120 71
117 74
117 73
109 71
117 68
117 72
117 66
110 66
117 64
117 65
120 64
124 62
126 62
127 44
126 42
125 42
124 44
126 44
125 44
120 43
117 44
107 52
103 54
97 55
97 59
97 52
97 48
94 45
103 51
102 54
102 51
101 44
101 40
97 37
97 39
97 33
94 36
94 38
86 36
86 35
84 31
84 33
94 30
94 29
94 27
94 25
101 27
102 30
107 29
102 28
103 27
103 30
104 30
103 34
102 38
101 30
100 34
101 34
102 34
100 27
103 19
103 15
107 18
110 17
110 16
117 14
124 15
120 18
117 19
117 21
120 26
126 27
130 26
127 23
120 28
120 32
125 33
123 35
117 33
120 34
117 35
117 38
117 37
117 42
110 41
110 46
110 47
120 50
120 47
120 41
124 38
126 35
125 38
126 38
125 36
124 35
130 32
126 31
126 33
130 34
133 40
143 38
140 37
140 35
140 31
140 33
140 24
143 23
125 31
117 31
110 31
110 32
107 33
103 38
102 40
103 40
104 40
107 39
107 37
110 42
107 43
104 44
103 44
102 44
100 44
97 43
94 40
94 35
94 34
86 27
86 26
86 20
86 21
94 23
87 16
84 24
80 32
79 32
71 36
71 35
61 39
64 41
64 42
71 44
71 48
71 49
71 46
71 47
80 44
86 42
86 48
86 49
84 46
86 41
94 51
94 70
94 71
94 69
94 65
97 68
104 64
103 64
102 64
101 64
101 60
100 64
87 70
94 75
94 73
97 75
103 73
102 73
109 78
109 79
101 73
109 70
110 67
107 63
104 60
101 56
102 60
104 56
103 56
97 63
102 56
103 60
110 57
110 62
110 61
107 59
94 56
86 66
86 72
86 75
94 78
94 77
86 84
94 89
94 91
101 98
100 98
103 95
107 84
103 85
97 84
102 95
86 93
94 79
104 81
97 96
94 95
94 98
86 103
86 108
64 120
71 131
71 132
71 140
71 136
72 134
71 137
71 142
71 141
64 131
48 121
63 121
48 122
49 136
48 147
41 154
48 150
48 149
40 129
40 126
40 124
25 109
40 105
40 99
40 102
33 93
41 94
48 85
48 86
48 90
57 72
61 70
57 69
51 73
51 75
48 65
55 55
61 58
71 59
74 54
51 55
41 52
41 58
41 57
33 47
34 50
35 50
33 50
32 50
33 55
31 55
32 55
35 55
34 55
38 61
38 63
34 60
33 62
28 63
25 62
25 60
28 54
25 56
28 59
17 60
17 59
18 67
25 64
25 66
32 68
28 72
34 71
28 74
17 79
25 84
28 81
33 82
40 86
40 87
41 80
48 89
49 83
48 81
48 80
41 79
38 81
40 91
40 90
33 78
34 78
32 78
33 68
34 68
40 66
38 72
38 74
35 78
34 82
25 82
25 89
25 86
11 83
8 83
9 83
2 83
2 85
0 91
0 103
3 109
2 111
2 115
2 107
0 102
2 102
0 100
2 93
2 91
2 94
11 91
11 94
5 96
2 96
5 93
10 91
9 94
25 97
32 93
35 93
34 93
40 98
48 132
48 133
48 135
41 118
40 117
40 114
41 112
38 96
41 95
48 91
48 96
40 108
48 98
63 96
57 100
63 98
71 105
71 109
64 137
87 135
80 126
94 118
97 115
94 116
87 118
86 124
94 127
94 122
94 128
95 130
94 120
94 121
97 120
97 117
101 118
102 116
103 116
102 118
109 122
117 116
117 115
117 104
117 103
117 102
120 94
117 98
117 99
117 95
107 96
107 100
102 99
102 103
103 105
103 102
101 102
94 102
100 102
94 100
103 98
109 110
109 111
107 115
107 117
103 118
94 114
94 109
94 111
94 110
87 112
94 108
97 107
103 114
102 114
109 109
120 113
123 118
130 121
132 116
140 128
132 127
117 132
109 133
109 136
117 133
117 136
117 137
117 128
118 130
132 148
132 145
132 143
117 138
110 137
109 145
109 143
117 155
117 163
117 164
117 162
117 160
103 166
103 169
97 175
97 171
97 168
97 165
97 162
101 163
102 163
103 163
109 178
109 181
107 185
102 184
94 187
89 203
72 203
74 190
63 192
80 191
87 185
97 185
94 177
94 178
94 184
94 182
94 181
103 184
94 194
110 194
120 187
126 184
120 190
117 195
90 203
108 203
109 187
120 185
125 184
130 185
133 180
143 190
140 179
149 181
140 178
140 175
126 170
132 163
132 164
140 168
132 160
117 180
117 184
140 185
140 187
130 187
130 190
130 192
126 189
126 186
109 182
120 192
132 195
143 193
143 195
153 193
149 192
153 195
163 191
166 188
166 180
166 175
163 172
163 170
163 164
155 168
149 189
153 190
166 196
176 188
178 191
186 185
178 183
173 185
163 182
163 192
172 194
163 183
156 175
155 179
166 178
176 180
176 178
186 179
186 178
189 175
186 155
186 154
187 152
186 146
186 150
186 159
186 149
186 165
186 160
186 158
186 167
172 166
172 174
172 177
176 175
178 164
163 162
164 149
163 143
163 151
163 141
163 131
163 130
164 128
163 135
163 134
163 136
163 155
163 152
163 157
163 156
178 146
178 143
163 147
163 146
179 150
178 152
179 156
178 155
178 162
189 171
195 169
195 181
189 182
189 197
186 192
209 179
209 183
209 182
209 181
201 185
201 179
199 182
195 195
202 192
209 190
209 195
209 192
209 191
209 188
216 185
218 185
217 186
216 190
218 189
222 192
224 195
232 186
232 188
232 190
232 192
232 195
218 203
217 203
216 203
233 203
232 203
234 203
238 193
238 185
239 186
232 182
232 184
232 180
232 178
222 183
222 187
222 178
222 170
219 178
218 180
215 185
209 185
209 187
216 181
215 178
209 177
209 171
209 173
209 175
209 169
209 167
202 159
201 158
201 137
202 138
202 132
216 140
216 135
217 135
212 134
215 135
218 121
219 124
222 127
224 131
225 137
225 146
225 151
225 158
225 150
235 148
239 155
238 152
235 151
232 152
232 151
232 149
232 147
232 143
232 145
240 147
239 149
239 152
241 152
245 154
241 155
240 155
240 153
241 158
235 157
232 154
232 155
232 157
235 160
247 167
255 180
255 178
255 182
255 184
255 186
245 193
247 195
258 193
258 190
258 197
268 203
283 203
288 203
281 197
278 192
284 193
288 193
288 194
291 193
291 197
299 196
297 203
295 203
296 203
294 203
299 199
299 193
299 190
299 184
299 181
299 178
299 187
291 183
287 180
291 177
299 175
299 172
299 169
299 166
299 160
294 157
278 148
278 147
278 144
271 151
264 167
262 167
264 175
262 176
268 178
278 175
278 176
278 171
278 170
278 163
278 165
278 167
278 169
278 173
278 177
278 179
285 181
285 186
278 181
278 182
278 183
265 187
268 187
278 190
278 188
278 186
264 191
264 188
262 180
261 187
255 174
255 176
255 177
247 171
241 173
232 170
239 178
242 193
242 185
245 185
235 175
232 171
235 164
232 168
232 167
215 170
216 171
219 170
216 163
209 165
209 163
209 158
201 167
201 165
201 155
202 153
201 149
201 146
201 144
209 140
212 139
212 143
209 144
212 147
209 149
212 152
215 148
216 148
217 148
218 148
219 148
222 147
222 143
225 145
216 144
217 144
218 144
219 144
219 140
218 140
217 140
219 135
218 135
217 133
218 133
222 134
225 138
225 141
225 142
232 138
232 137
232 136
232 133
232 132
233 130
232 128
232 127
235 125
235 120
232 122
232 117
232 113
235 116
235 108
245 99
245 103
245 108
242 113
241 113
239 113
240 113
239 117
241 121
240 121
239 121
238 121
240 117
241 117
242 117
245 116
248 118
248 119
245 120
242 121
248 123
248 124
247 127
247 133
248 131
247 136
247 143
247 145
240 149
241 149
245 148
241 147
248 137
256 137
255 150
255 151
255 149
255 148
255 136
255 134
255 133
255 123
255 122
248 115
248 114
235 103
238 100
235 99
218 102
217 102
209 104
209 100
209 98
218 94
216 92
217 90
212 88
212 84
216 88
217 86
216 85
222 87
222 91
235 91
239 93
238 93
242 96
248 92
248 93
241 94
240 93
238 87
239 87
240 87
242 87
241 87
248 89
248 91
248 88
248 84
248 83
248 82
255 84
264 82
268 79
263 82
264 101
278 93
278 89
278 87
278 88
278 91
278 94
278 95
278 101
278 99
278 97
278 105
278 103
278 107
278 109
278 111
284 112
278 116
278 115
278 113
285 115
285 121
287 120
278 122
278 126
271 121
270 122
271 132
271 138
270 150
270 148
279 150
278 153
278 152
278 156
278 157
278 158
285 169
285 175
287 174
287 168
291 171
293 165
293 163
299 163
293 156
293 153
299 154
299 151
299 148
299 145
294 151
293 147
293 144
293 142
294 136
299 142
299 139
299 136
299 130
299 127
299 124
299 121
299 118
299 115
299 112
291 117
291 123
293 126
294 130
293 132
293 135
278 142
278 135
278 137
278 136
278 132
278 131
279 129
278 127
278 119
278 123
278 121
278 117
287 114
288 112
291 112
299 110
299 107
291 104
288 104
285 105
284 104
291 95
287 92
285 93
278 85
278 82
278 83
278 81
278 79
278 69
278 73
278 77
291 89
299 82
299 88
299 91
299 106
299 104
299 105
299 100
299 102
299 103
299 97
299 94
285 97
285 87
287 86
285 81
278 75
278 76
285 75
287 74
299 70
299 73
291 83
287 80
291 77
299 79
299 76
299 67
299 64
299 61
291 62
299 58
299 52
299 55
299 49
299 46
299 43
299 37
299 40
299 34
299 31
299 28
291 42
288 42
285 43
284 42
278 43
278 41
278 39
278 37
284 34
285 35
291 34
288 34
278 35
268 44
278 45
278 47
264 41
262 42
261 39
264 47
262 54
264 53
262 60
268 50
278 49
278 51
278 53
284 58
288 58
287 63
288 50
291 50
288 59
291 58
284 50
285 51
278 55
281 62
278 67
278 57
268 56
264 65
268 62
264 59
255 62
255 61
255 60
255 56
255 55
255 49
262 48
265 39
255 36
255 38
255 40
255 42
262 32
265 31
261 31
255 30
255 28
255 24
255 26
245 36
255 32
255 34
268 39
268 31
278 31
278 29
278 33
278 27
278 25
284 26
285 27
288 26
285 19
285 11
287 5
278 11
278 9
281 6
278 13
288 18
291 26
299 25
299 22
299 19
299 16
291 18
299 13
299 10
299 7
299 4
293 9
291 6
291 0
288 0
289 0
283 0
280 0
271 0
278 15
284 18
278 17
278 19
278 21
278 23
268 22
262 24
264 21
255 19
258 22
264 13
263 10
264 10
268 11
268 8
268 6
264 5
268 0
262 0
258 0
253 0
245 6
235 0
235 6
235 8
232 13
232 15
235 17
232 20
232 22
232 23
232 17
235 13
239 15
240 18
241 20
235 19
235 22
235 24
235 26
240 25
245 24
245 26
241 27
241 23
240 23
241 25
239 20
240 20
241 18
245 13
245 8
258 6
258 8
258 11
255 11
255 17
245 19
241 15
240 15
241 12
240 12
241 5
245 0
244 0
226 0
219 8
218 5
217 0
206 0
208 0
222 11
218 12
212 7
199 19
195 18
194 18
194 20
193 20
189 19
186 18
189 23
195 20
196 20
209 21
209 22
209 24
212 26
212 28
216 29
217 27
216 24
218 24
224 22
224 21
232 18
232 31
232 33
235 36
239 40
241 35
235 42
241 40
240 40
232 43
232 45
235 46
232 60
232 63
238 62
240 62
241 60
240 60
239 62
235 61
239 58
240 56
239 54
235 58
235 54
239 51
232 50
235 50
240 52
245 53
255 50
255 48
255 44
255 43
255 46
255 52
255 54
255 58
245 57
245 61
242 62
241 62
248 65
255 67
248 64
255 64
255 66
255 68
262 66
264 71
262 72
268 68
268 74
265 76
258 79
255 74
255 72
255 70
255 73
248 69
248 72
248 71
248 68
242 67
241 67
240 67
238 67
239 67
235 66
235 71
241 74
248 73
248 79
248 80
245 77
242 78
241 78
241 85
240 84
239 84
238 84
239 78
240 78
241 76
240 73
240 76
238 73
239 73
238 78
235 82
235 77
232 76
225 71
225 72
222 73
218 74
217 74
216 74
212 80
209 81
209 84
209 75
209 70
212 73
216 70
217 70
218 70
219 70
218 51
217 51
212 46
209 45
209 50
202 57
202 59
209 53
212 50
216 44
217 44
218 44
224 39
225 40
232 47
232 41
232 25
222 28
217 29
218 29
218 27
217 24
212 11
209 16
209 18
209 20
209 30
212 35
209 36
209 32
209 34
212 31
209 27
209 26
201 34
202 35
199 32
194 31
195 31
199 30
195 27
196 27
194 27
193 27
189 30
186 27
186 31
189 32
186 35
186 34
186 36
179 48
172 35
170 32
172 29
171 29
170 29
166 31
163 28
163 29
163 31
163 32
163 34
153 46
156 44
163 47
156 48
148 43
143 42
143 34
147 32
143 31
149 32
163 26
163 23
163 16
149 12
147 21
148 21
149 21
140 18
140 16
143 11
144 0
130 8
126 0
120 8
120 6
117 12
117 15
117 20
109 9
107 6
103 5
109 0
90 0
89 0
87 0
74 6
80 5
88 0
97 14
97 6
86 9
71 9
71 16
63 0
61 13
61 11
58 8
56 15
57 15
56 12
57 12
55 15
51 13
48 12
38 0
54 0
52 0
53 0
57 5
51 11
51 7
37 0
36 0
34 5
11 5
8 0
15 0
16 0
14 0
18 0
17 0
15 11
28 13
28 11
31 16
25 14
28 15
25 19
28 31
31 42
25 49
25 43
28 46
28 49
31 50
32 47
25 40
28 38
32 35
35 35
34 35
34 42
32 42
33 42
38 38
41 36
48 37
48 32
51 30
51 36
56 35
61 26
56 27
51 26
51 24
48 25
38 15
38 18
33 22
35 25
34 25
33 25
32 25
28 28
31 32
34 29
38 34
41 27
41 26
38 23
38 28
32 32
34 32
33 33
41 37
48 35
55 37
56 38
56 40
55 40
58 40
57 40
51 43
41 44
40 40
35 42
48 44
41 45
48 45
55 52
56 57
57 61
51 59
48 67
51 70
63 80
61 75
61 73
64 84
63 89
71 98
71 97
71 96
71 103
71 108
71 114
72 111
71 119
71 118
71 117
86 114
86 117
71 113
71 124
71 147
71 154
71 155
72 157
87 164
86 172
86 175
86 170
86 178
71 177
71 175
64 178
63 183
63 180
63 174
71 178
80 188
74 197
71 185
74 193
63 190
64 184
48 184
48 180
48 183
48 179
41 181
40 187
40 189
40 192
48 192
48 185
48 190
51 196
63 203
54 203
57 194
53 203
38 195
34 194
25 181
25 189
25 192
25 187
25 191
25 182
25 180
25 176
10 178
2 193
28 195
15 203
11 178
2 179
0 184
10 165
17 163
17 150
17 160
25 166
25 172
25 171
25 168
17 156
17 153
25 160
25 156
25 150
25 155
17 143
18 137
17 136
18 131
17 127
17 124
25 126
25 124
25 130
25 145
25 147
17 133
25 134
25 138
25 139
25 140
25 135
25 129
26 132
40 138
41 133
40 135
41 139
63 147
63 149
48 148
40 147
40 145
40 150
25 161
25 159
40 159
41 160
64 150
86 154
87 158
94 158
97 158
101 156
101 151
102 152
103 154
117 149
117 148
117 145
124 151
124 155
125 156
117 159
117 157
107 153
109 148
109 149
117 151
126 151
125 151
127 151
117 143
103 151
94 137
94 136
94 138
94 132
94 133
86 131
87 141
86 137
86 140
94 145
94 148
94 149
94 154
97 155
94 151
94 147
94 143
86 147
80 149
86 163
86 160
94 165
94 163
94 156
94 153
100 151
102 154
102 156
103 156
107 162
104 159
107 155
120 154
123 155
133 152
126 155
130 157
132 159
133 153
130 154
132 149
140 144
140 150
140 146
140 137
140 138
140 139
156 138
148 148
155 146
149 148
155 144
155 137
155 134
156 132
143 122
149 120
150 123
155 128
153 126
143 126
140 129
140 133
141 131
140 134
132 133
133 137
132 136
133 131
132 115
130 113
130 109
132 99
140 103
149 101
148 101
140 87
140 91
133 89
130 83
126 80
127 80
132 73
132 74
147 77
149 70
153 71
155 74
166 70
166 67
171 66
173 60
172 57
176 59
179 49
172 51
171 44
172 44
172 46
173 46
176 45
163 51
170 51
171 51
172 54
166 53
166 55
163 57
169 57
163 53
156 49
153 50
149 51
147 47
148 51
132 59
163 59
163 66
163 68
163 70
171 58
166 63
170 57
176 55
189 48
189 55
186 54
186 45
186 41
186 43
186 39
189 40
194 38
195 38
193 38
189 44
189 50
195 47
199 50
193 56
189 59
176 63
176 67
172 66
172 68
170 68
171 68
172 71
171 75
166 73
176 76
176 80
179 79
179 78
186 84
186 82
189 81
189 78
193 79
194 79
195 79
189 85
186 86
186 89
186 98
178 99
186 118
186 117
186 123
186 125
186 129
186 134
178 141
179 135
178 134
186 139
186 144
186 137
186 138
186 133
187 131
186 128
201 128
201 123
202 117
201 125
212 127
209 131
209 133
209 136
201 134
209 130
212 123
202 111
201 113
201 116
201 107
199 103
186 107
186 108
187 110
186 112
186 113
186 116
178 125
179 129
178 131
163 125
163 126
