2302.0 2639.0 1401.0 379
163 33
153 21
166 23
171 22
172 27
189 28
189 33
189 31
195 27
186 25
176 23
186 24
176 21
176 17
178 6
186 10
186 12
186 6
196 16
189 20
186 23
186 22
199 14
195 16
201 23
201 24
195 30
199 28
199 31
199 33
212 32
212 25
212 22
212 28
202 18
202 19
201 25
201 22
209 22
209 20
209 18
209 16
209 14
209 12
212 11
212 15
212 17
218 23
218 26
222 19
222 15
232 15
232 17
235 18
238 19
239 19
241 19
235 23
238 25
239 25
240 25
241 26
241 28
235 30
235 34
242 31
245 34
255 32
255 30
255 22
255 23
255 24
255 20
248 20
248 25
248 24
248 23
248 21
242 19
240 19
240 17
241 17
245 18
247 14
247 15
255 13
255 12
255 14
258 17
262 22
264 26
264 21
264 16
268 17
268 24
278 28
278 31
281 29
281 26
281 22
278 18
278 16
278 17
278 14
281 12
285 12
285 8
286 10
287 15
285 16
287 20
288 23
291 26
299 31
293 31
291 29
287 28
286 28
299 20
291 18
291 11
291 7
286 6
281 8
285 5
270 6
268 14
264 11
262 12
255 6
255 10
247 13
247 12
247 9
245 6
241 5
235 6
232 9
222 8
232 13
232 14
232 12
222 13
222 11
219 5
218 10
217 10
217 12
218 12
217 14
218 14
217 16
217 18
218 16
222 17
218 18
218 20
217 20
216 20
212 19
212 13
212 8
209 10
201 6
193 12
195 11
194 16
193 16
192 16
186 13
186 17
186 14
176 14
172 16
163 12
166 21
172 24
166 26
163 31
163 22
163 20
172 22
172 20
171 20
166 17
170 12
172 11
163 13
153 18
148 20
156 10
149 0
150 0
151 0
152 0
153 0
154 0
163 6
163 10
163 14
149 29
148 22
149 22
149 20
149 15
147 16
140 18
140 22
130 14
124 12
120 8
127 5
130 8
126 11
127 16
126 16
125 16
124 16
123 16
117 14
117 12
117 13
107 14
117 10
102 18
97 17
97 6
103 11
103 5
107 6
107 6
107 8
103 16
102 16
94 16
94 18
94 26
97 21
97 19
102 20
103 20
107 19
107 21
107 17
103 22
94 28
97 31
94 20
103 18
94 14
94 13
101 12
97 8
94 10
94 12
80 5
71 12
74 7
71 10
71 14
71 13
71 16
71 19
78 18
71 18
71 30
57 17
57 11
61 14
71 23
61 20
55 18
55 12
63 6
48 12
38 8
35 5
28 8
34 11
32 12
25 10
11 5
2 9
2 11
2 14
2 16
2 17
2 20
2 18
2 22
2 23
5 29
9 29
10 31
15 32
9 33
5 33
2 24
9 22
11 21
9 16
11 15
15 18
25 14
25 13
25 12
34 16
38 14
48 6
48 10
48 14
48 16
48 13
48 18
48 20
48 19
51 25
51 27
58 22
57 26
61 27
61 30
61 32
51 32
41 31
32 22
34 21
25 22
25 23
25 31
15 24
10 27
9 26
15 28
25 24
25 20
28 18
38 24
51 30
57 29
61 25
71 20
86 23
80 17
84 14
80 11
78 12
84 20
87 30
89 39
103 30
107 31
120 34
120 30
126 28
126 25
120 27
120 20
124 22
123 22
126 23
125 22
133 22
133 21
133 20
133 17
133 18
140 20
140 24
143 24
147 22
143 21
140 17
140 16
140 14
140 10
145 0
146 0
147 0
148 0
