2358.0 2706.0 1250.0 343
209 11
209 12
209 10
212 8
219 5
232 6
224 11
224 12
222 8
216 14
218 14
217 14
212 16
209 19
212 20
232 21
235 22
235 26
232 25
232 27
232 29
235 30
232 31
235 36
245 36
245 34
263 22
262 21
262 24
258 20
255 13
258 12
258 6
255 10
255 12
255 15
258 16
263 13
262 10
263 10
268 14
264 15
268 20
278 35
268 27
258 24
255 34
255 32
255 31
258 28
247 6
239 20
240 20
241 20
232 23
235 18
232 13
241 16
248 13
258 14
263 15
264 13
265 17
268 16
264 10
268 6
264 5
278 10
278 12
281 12
278 13
281 14
293 19
291 16
287 15
287 25
294 35
299 21
299 16
291 14
287 13
286 13
286 10
287 5
281 7
285 10
287 10
281 16
278 19
268 23
262 28
263 26
264 30
255 36
241 33
235 34
209 37
212 37
212 33
209 34
209 27
209 32
209 37
216 31
212 24
209 25
212 28
218 31
217 31
209 29
195 32
189 23
176 25
186 26
186 20
195 21
199 23
199 21
195 22
209 15
209 17
209 21
209 23
201 26
202 10
195 14
186 10
186 14
186 16
186 18
176 17
176 8
173 5
163 10
163 12
163 16
163 14
163 18
163 20
163 22
169 17
170 18
163 24
153 29
153 31
149 33
153 34
153 36
166 35
166 31
166 28
172 29
169 25
172 26
173 25
173 17
170 10
166 8
155 6
149 11
149 8
140 6
130 6
126 5
120 6
117 10
110 10
109 23
107 36
107 34
107 32
101 25
100 21
101 14
94 14
93 0
117 12
117 13
117 14
104 32
103 33
97 36
94 29
97 34
94 31
100 32
94 27
80 16
84 19
80 23
78 21
80 27
74 29
80 30
71 24
71 25
71 23
63 28
57 22
57 16
61 14
61 8
58 5
51 8
40 6
48 10
51 18
48 21
48 24
48 25
55 23
61 25
71 34
71 36
64 35
48 35
38 32
48 23
48 28
38 21
28 21
28 19
32 25
31 32
25 29
18 34
25 31
28 34
38 34
35 32
34 33
25 27
25 25
25 14
11 18
15 17
12 17
9 10
2 12
2 10
2 14
0 19
0 22
2 23
2 25
0 25
2 34
6 42
0 40
0 37
2 27
0 28
0 31
0 34
12 28
8 28
15 28
5 20
9 21
2 16
8 17
2 21
0 16
0 13
0 4
0 7
5 8
12 5
15 8
25 10
25 6
25 12
32 10
35 17
38 17
31 17
25 16
34 18
38 19
48 12
48 13
48 14
55 12
57 11
71 17
71 18
71 21
71 19
78 17
71 15
74 9
80 8
84 9
84 6
80 5
74 6
74 11
84 11
94 10
94 16
94 18
94 20
94 25
94 23
104 21
107 21
120 23
125 25
124 27
126 29
117 35
117 33
120 27
124 23
125 21
124 20
120 19
124 12
126 11
130 14
127 16
130 19
130 22
130 26
149 42
143 36
143 34
143 31
149 30
150 29
146 29
140 28
140 26
140 24
140 22
143 13
143 10
143 17
140 20
143 21
153 21
147 22
148 20
149 20
