6506.0 8012.0 4546.0 1083
221 118
222 118
220 118
219 118
217 118
216 118
222 110
222 112
218 118
212 112
212 110
218 109
195 104
189 103
186 83
186 90
186 92
186 100
186 103
178 110
176 107
176 105
176 103
176 97
176 99
176 101
172 104
171 104
166 103
166 107
166 105
163 105
163 107
166 101
163 101
163 110
149 109
143 103
140 100
140 102
140 106
140 104
140 107
132 111
132 105
132 103
131 96
133 92
133 90
140 94
140 90
133 88
133 84
133 82
125 84
133 80
133 79
133 76
140 78
140 76
140 77
163 69
163 76
163 78
155 107
166 99
166 97
171 96
172 96
171 89
172 89
177 90
186 78
195 78
195 82
194 82
209 101
217 100
218 100
231 108
231 110
234 103
231 101
231 99
234 101
239 98
240 98
244 99
244 101
240 104
244 103
251 107
251 97
251 87
246 85
246 87
240 89
239 89
231 78
222 80
222 82
222 86
231 85
231 87
234 99
231 90
224 89
222 84
209 73
209 80
202 76
202 73
202 72
195 67
186 72
186 75
186 76
186 74
186 73
186 65
179 60
163 68
163 56
163 62
163 61
156 63
156 62
149 70
147 66
163 51
163 54
163 67
163 77
172 70
163 63
163 60
163 55
163 44
163 49
149 43
149 54
156 60
140 61
140 60
140 53
140 52
140 39
140 38
143 44
148 43
149 39
143 34
140 33
143 30
147 28
148 28
149 28
153 27
150 24
163 18
163 13
166 6
172 5
176 6
179 15
179 13
178 9
179 12
189 9
189 6
186 16
186 14
189 11
189 15
193 13
194 13
199 9
199 6
195 5
195 8
199 11
195 31
199 36
199 34
209 35
212 33
212 38
209 45
209 42
209 40
212 40
209 38
199 43
199 45
189 47
179 56
186 51
186 49
186 50
186 45
186 43
172 44
163 41
163 38
163 31
163 30
163 33
163 39
172 33
166 25
163 27
163 28
163 29
156 40
153 44
163 40
163 42
153 48
140 51
147 50
148 47
149 47
143 48
140 48
140 44
140 40
140 35
131 43
133 40
133 39
126 36
133 35
133 33
125 35
117 43
103 23
101 23
97 25
94 31
94 32
94 33
94 37
84 30
84 25
80 24
79 24
74 34
81 31
71 37
79 44
80 44
94 39
94 43
94 44
101 50
94 42
94 51
80 51
79 60
71 61
71 64
71 63
71 67
94 68
97 69
94 71
97 72
102 71
103 71
107 69
103 54
94 51
85 52
79 51
85 45
79 36
80 36
84 34
85 37
97 38
102 36
101 36
103 36
101 41
103 45
125 42
126 42
120 41
117 50
125 49
126 49
124 49
120 51
120 55
124 62
123 62
120 59
125 62
126 62
127 62
140 62
140 63
133 63
133 64
133 66
133 68
126 69
125 68
124 68
123 68
120 66
120 74
107 72
104 73
103 68
102 68
102 59
103 59
117 52
117 54
117 60
117 58
117 56
107 76
103 79
102 79
97 76
94 79
71 86
71 83
71 80
71 81
71 74
71 70
71 71
87 61
94 52
94 53
94 60
86 63
84 68
84 75
86 80
84 87
78 95
71 95
71 99
71 100
61 108
61 105
57 104
51 105
56 104
57 100
56 100
55 97
51 101
48 100
48 98
48 104
48 107
38 111
36 118
37 118
38 118
34 118
33 118
32 118
31 118
28 111
35 118
35 108
38 107
38 105
33 106
34 106
34 104
33 104
32 101
15 105
11 111
15 107
11 106
17 109
25 106
28 107
28 105
25 92
38 93
41 101
48 82
49 75
48 72
40 86
17 77
25 69
18 55
17 49
15 47
25 56
25 62
25 64
25 67
26 57
25 58
28 65
28 63
33 62
34 62
34 64
33 64
33 66
38 65
38 63
40 69
41 67
48 68
48 65
51 60
51 58
51 56
51 53
57 57
56 57
56 59
57 59
63 65
61 62
57 61
61 60
61 58
57 54
56 52
57 52
61 53
71 52
71 45
62 46
56 45
48 46
41 47
40 41
38 40
48 32
48 30
51 25
48 22
48 20
51 21
55 19
57 14
71 14
55 10
51 7
48 11
38 11
38 9
38 6
34 5
34 8
28 9
28 11
25 15
28 6
12 5
15 8
9 10
15 11
5 8
0 3
2 12
0 15
0 9
2 11
2 20
2 18
0 21
3 19
2 22
0 33
2 29
0 27
3 30
2 35
2 32
2 46
15 30
25 16
25 25
25 29
40 29
38 28
25 21
25 18
17 20
17 32
25 32
25 39
25 44
25 41
18 38
0 39
0 45
3 47
0 51
2 49
2 52
0 57
2 62
0 63
3 63
5 66
2 69
2 65
2 68
0 69
2 71
0 67
0 56
11 65
11 67
15 66
15 68
10 65
15 64
17 71
2 77
2 74
0 75
2 78
2 83
2 88
5 107
10 106
9 103
5 113
0 105
2 106
2 109
0 111
0 99
2 104
2 94
0 93
2 97
0 87
2 85
0 81
3 81
2 80
15 82
18 86
25 101
25 104
18 98
17 94
15 89
25 89
25 86
25 87
25 80
38 81
25 76
25 77
25 70
25 73
38 74
48 71
48 62
48 74
48 77
48 79
48 88
48 91
64 80
61 83
63 71
61 76
48 63
48 59
38 57
34 56
40 58
48 57
48 52
57 45
57 40
48 35
51 35
48 39
48 38
48 37
55 36
71 21
71 20
71 19
71 29
74 30
80 29
74 25
71 18
80 13
71 13
71 12
74 10
71 6
57 5
48 12
48 13
40 18
38 15
32 14
48 25
51 27
55 29
51 31
56 29
57 29
56 24
57 24
61 25
57 19
56 19
61 27
71 25
74 27
79 29
84 27
94 30
94 26
94 24
80 8
86 6
87 20
87 21
87 14
87 18
94 17
94 16
101 14
94 15
97 11
97 7
103 18
102 23
110 33
110 32
110 30
120 17
125 13
133 17
133 19
133 27
133 25
133 31
133 30
124 35
123 35
120 33
120 25
123 27
124 27
126 28
125 27
133 23
140 29
140 31
143 27
140 20
140 18
140 17
149 20
156 14
149 5
140 9
133 15
130 11
127 8
127 13
126 13
125 19
126 20
123 19
124 19
124 13
123 13
120 11
103 5
120 7
126 5
140 11
140 14
140 15
140 16
156 15
156 17
156 18
163 14
163 15
163 9
163 12
163 16
172 18
173 22
176 25
179 28
179 27
186 34
179 30
179 31
179 38
189 41
189 43
189 38
186 36
189 36
194 40
199 41
195 40
199 47
202 62
186 58
179 62
186 62
186 61
186 57
201 58
202 64
212 62
209 64
202 65
202 75
200 83
195 89
194 89
193 89
189 91
189 95
186 96
186 94
186 98
186 108
186 110
189 99
209 92
209 86
209 84
209 89
217 91
218 91
212 86
209 82
212 80
212 82
212 84
218 79
217 79
218 74
209 72
209 71
216 70
217 63
218 63
223 64
222 62
234 53
231 61
231 60
231 64
231 65
231 69
231 70
238 68
245 78
251 77
251 67
251 59
244 53
231 58
246 61
251 63
251 61
251 58
251 57
246 55
244 51
244 49
244 47
244 41
239 46
231 54
231 51
231 47
212 52
212 56
209 54
209 52
218 51
217 59
231 71
239 77
240 77
240 72
246 65
246 64
246 58
251 56
251 47
240 46
240 42
234 41
234 39
234 37
231 39
231 35
234 35
240 34
239 38
244 39
244 37
251 37
251 27
244 32
244 35
240 38
239 34
231 32
234 32
234 30
234 28
234 26
240 25
239 25
244 28
244 26
244 30
231 30
222 30
222 33
222 35
222 28
218 25
217 25
222 26
231 24
231 17
234 20
231 21
234 16
234 8
234 10
241 5
240 9
240 14
244 10
244 8
238 14
239 14
231 19
231 15
234 24
231 26
231 28
216 20
212 18
217 20
218 20
212 14
212 16
209 16
209 14
212 11
217 13
218 13
222 11
222 14
222 16
222 18
219 8
218 5
212 7
195 13
189 19
195 20
194 20
193 20
189 22
186 19
179 16
186 21
186 23
186 25
189 26
186 27
179 42
179 41
179 39
186 32
189 30
186 30
186 41
189 45
193 48
195 52
202 61
209 56
209 60
212 60
212 58
212 54
217 51
222 60
222 52
222 54
222 56
218 59
222 58
231 57
231 55
234 51
234 44
234 49
234 47
231 49
218 44
222 42
223 45
217 44
212 42
222 40
222 38
218 37
217 37
218 32
217 32
212 35
209 33
212 30
209 26
209 23
209 18
209 21
212 22
212 26
212 28
209 28
209 30
199 38
194 31
199 32
189 32
189 34
186 38
178 51
178 49
172 55
179 63
186 63
186 64
186 67
170 66
170 75
172 79
166 86
172 84
163 90
163 99
163 97
153 87
150 84
149 89
148 89
147 89
143 91
143 87
143 95
143 99
140 98
140 96
140 92
126 85
123 84
124 84
120 82
123 92
124 92
125 92
126 93
125 95
126 95
117 96
117 103
117 105
126 107
130 108
143 111
126 118
123 118
125 118
120 108
117 111
107 102
110 98
103 101
103 104
102 101
107 92
109 97
120 90
107 82
102 81
97 80
97 82
97 86
97 84
94 81
94 83
94 85
97 90
94 90
94 92
87 95
78 98
80 102
74 108
81 109
81 118
79 118
80 118
84 112
77 118
78 118
76 118
75 118
74 118
72 118
73 118
74 112
71 101
64 92
63 88
61 99
61 101
51 108
51 112
56 107
57 107
58 109
61 112
71 107
79 107
80 107
84 108
94 110
94 108
94 102
97 102
94 99
94 98
94 97
97 92
102 89
103 89
103 85
102 85
102 83
103 83
103 81
107 80
107 84
107 86
107 90
123 76
124 76
125 76
126 77
133 74
133 72
133 71
140 67
140 68
140 69
147 75
149 79
