948.0 971.0 325.0 131
25 15
28 28
25 29
25 23
25 22
25 24
25 28
25 26
28 20
35 17
38 16
38 20
32 26
33 26
34 26
38 30
38 34
41 34
41 36
41 35
34 29
33 29
18 29
18 25
18 27
15 25
5 25
5 19
5 13
9 10
10 10
11 10
25 9
25 11
25 9
33 15
34 5
34 15
28 16
18 23
18 21
18 19
18 17
15 13
18 11
18 13
18 15
15 19
12 10
15 8
12 5
5 8
8 0
2 0
0 13
0 26
0 27
5 31
0 39
5 37
5 43
15 43
18 45
18 44
28 47
28 43
18 42
18 41
18 39
18 37
18 35
18 31
15 31
15 37
18 33
28 40
28 34
28 30
32 31
33 31
35 31
34 31
34 38
34 41
51 47
61 45
61 47
57 44
51 45
48 27
56 25
41 32
40 22
41 23
48 22
57 25
64 22
57 12
48 6
63 6
74 6
71 11
74 12
80 5
84 6
80 10
79 10
78 10
71 13
71 16
74 20
74 24
74 29
84 29
78 35
78 39
79 37
84 34
84 38
80 41
71 47
71 45
74 39
74 35
79 33
78 32
77 21
74 16
81 17
84 20
84 24
107 27
