1794.0 1926.0 712.0 237
107 30
107 28
109 35
109 34
103 27
97 30
97 25
97 28
87 23
87 19
97 15
94 22
87 31
87 33
87 35
84 37
87 39
87 41
103 55
103 42
94 34
94 35
94 36
87 37
84 31
87 29
87 27
87 25
84 25
87 21
84 19
87 17
94 20
107 15
104 12
103 10
109 6
107 11
103 16
97 11
102 10
94 6
86 6
94 10
79 10
87 11
87 13
87 15
84 13
81 10
80 10
78 10
74 13
61 18
58 15
57 12
56 10
51 11
51 14
57 10
61 11
73 0
71 6
72 0
55 0
54 0
57 5
51 7
48 10
34 10
34 5
28 7
32 10
33 10
34 13
32 13
33 13
28 15
28 19
25 20
15 18
18 14
18 13
15 13
12 10
5 8
9 10
10 10
12 5
15 8
11 10
5 13
0 15
2 21
5 18
11 17
17 21
18 28
11 34
5 36
5 33
5 40
10 42
2 44
0 33
2 28
11 31
28 23
25 23
25 18
18 15
25 16
25 14
28 12
25 10
18 11
25 12
28 27
11 42
0 51
15 64
25 61
41 61
40 45
34 51
12 61
0 60
5 64
25 45
28 42
28 40
28 37
25 32
25 34
35 24
34 28
34 36
34 39
38 40
38 42
38 37
38 27
48 32
48 34
51 37
57 28
61 25
61 21
55 19
51 22
51 18
51 26
55 26
56 24
55 22
56 20
74 19
74 25
74 31
74 43
61 40
61 37
48 45
51 42
51 40
57 39
57 36
74 37
87 44
87 45
97 60
97 64
103 58
117 52
117 50
120 44
126 46
126 54
130 39
130 34
130 29
120 34
109 36
103 24
107 25
120 19
120 15
120 7
120 11
126 5
127 12
127 16
130 15
130 19
130 25
123 26
120 25
120 29
124 37
120 40
124 40
125 38
125 42
124 44
130 43
130 55
130 58
132 63
130 60
130 60
126 57
120 55
120 58
120 60
117 63
110 52
97 57
94 52
87 42
84 43
80 47
80 50
84 59
84 62
84 64
80 61
80 58
74 64
74 62
74 59
64 61
71 56
71 54
74 49
63 45
61 42
57 51
48 61
