4480.0 5428.0 2496.0 662
90 0
84 6
84 9
84 11
80 8
74 9
72 0
80 5
74 11
74 6
61 0
57 9
71 14
80 20
64 19
86 14
87 30
97 21
97 14
94 13
97 17
102 15
101 15
94 16
94 18
94 31
97 35
94 34
94 36
94 38
94 39
94 41
94 43
94 45
94 46
87 46
87 47
84 48
87 39
87 40
81 45
80 45
79 42
80 42
78 37
79 37
80 34
79 34
78 34
71 30
74 36
71 42
71 45
61 47
56 48
57 48
51 49
51 47
51 45
48 46
48 40
48 39
48 36
48 35
51 31
51 27
57 25
57 22
51 24
48 19
38 23
38 18
34 27
28 8
35 5
38 8
38 14
31 15
28 14
28 18
28 23
16 25
11 35
15 36
17 33
17 32
10 24
11 24
11 15
10 15
2 9
11 5
2 11
2 16
0 20
2 25
2 31
2 32
2 33
2 35
10 35
5 36
0 39
2 38
2 39
0 45
2 47
2 49
18 63
17 65
17 56
17 59
17 54
18 48
17 47
17 44
18 42
17 38
3 41
2 44
2 43
2 54
2 56
2 48
0 58
2 60
2 59
3 62
2 64
2 65
0 64
2 68
2 69
2 70
2 75
17 77
15 96
9 97
10 99
9 101
5 101
5 97
2 82
2 77
0 77
9 94
10 95
15 100
28 103
35 100
38 103
48 103
51 100
51 98
48 92
51 95
57 97
74 94
78 94
80 96
84 93
84 89
100 75
107 78
107 83
120 83
120 89
125 87
124 86
143 77
140 70
143 75
143 80
140 85
143 82
149 79
149 76
150 72
140 62
140 61
140 63
140 68
127 65
120 68
117 59
117 58
117 57
125 55
130 56
120 56
132 59
132 58
132 62
130 68
123 75
120 74
120 78
130 74
130 78
130 83
130 88
125 91
124 89
124 93
126 95
140 101
130 92
149 91
163 103
156 101
163 101
166 91
170 91
172 97
166 85
163 70
163 63
163 65
163 64
156 62
163 59
155 61
155 70
155 68
153 75
153 82
153 77
153 80
155 85
163 72
166 76
166 80
172 74
178 72
179 64
178 63
178 60
163 60
140 57
140 58
141 55
143 40
130 32
132 44
132 28
140 29
149 23
156 24
163 41
166 45
178 51
164 57
163 54
163 55
155 58
156 56
155 52
163 50
163 51
163 48
163 42
163 36
163 24
163 38
163 40
155 44
149 46
147 46
143 48
140 47
140 49
140 44
140 43
149 34
149 31
143 33
126 31
120 24
120 20
120 17
117 13
126 18
126 15
132 11
130 8
120 8
117 11
107 11
103 15
103 13
104 8
108 0
107 0
103 5
127 5
132 13
150 5
153 8
149 10
143 8
166 7
153 21
155 23
156 18
155 17
153 15
155 11
140 11
140 14
140 16
140 19
140 21
140 21
140 23
140 24
140 25
155 28
155 29
163 31
163 28
163 25
163 21
163 23
163 14
163 19
163 16
163 11
172 5
185 0
186 0
187 0
188 0
186 6
202 22
201 28
189 33
186 28
178 11
195 12
201 6
209 0
210 0
227 15
216 0
227 29
227 43
227 45
227 52
227 71
227 57
199 70
199 76
199 66
196 67
189 80
193 88
186 101
186 103
189 95
189 91
189 85
193 91
194 93
195 97
193 95
194 89
199 94
199 90
199 85
199 80
192 77
189 76
176 85
176 90
176 94
171 93
170 95
166 95
171 89
170 88
176 80
169 77
178 70
189 66
189 70
189 62
189 58
178 54
186 51
179 58
172 44
179 35
176 38
172 40
179 41
176 45
189 37
189 40
189 49
189 55
195 56
196 63
201 46
195 53
201 51
199 37
195 31
195 36
195 39
194 48
195 48
199 49
199 42
199 40
194 31
193 31
186 29
186 32
186 34
189 42
186 45
186 46
186 48
178 48
178 40
178 34
172 23
176 21
178 28
179 24
178 23
178 17
179 18
176 15
172 10
186 22
176 32
172 27
163 33
155 43
133 51
140 53
140 52
148 46
143 36
140 28
125 31
130 41
126 40
130 37
126 36
125 36
124 33
125 33
126 33
130 39
126 38
120 32
117 33
117 35
117 36
117 38
107 42
102 43
101 43
102 39
103 39
107 40
110 31
117 29
117 28
117 31
120 35
120 39
120 41
120 37
125 38
117 44
117 51
126 55
117 55
109 50
109 47
103 41
103 43
102 41
101 36
102 34
103 34
102 36
103 36
107 35
109 24
107 21
103 20
107 14
102 13
97 11
97 7
94 24
80 37
78 42
81 37
71 34
63 39
58 42
64 43
64 44
61 45
71 44
71 38
63 35
71 36
77 37
74 41
79 45
78 45
74 44
74 48
80 49
71 53
71 55
71 60
71 59
71 63
71 64
94 62
94 63
94 64
94 69
94 59
95 56
94 54
94 53
94 49
94 50
94 47
97 38
97 40
97 42
97 45
94 58
109 53
110 57
109 59
109 62
117 62
117 63
110 63
109 69
103 71
84 79
86 59
86 63
80 72
79 72
77 76
74 75
74 73
71 73
71 70
63 72
63 77
63 75
71 69
63 70
64 64
48 60
49 57
48 59
41 58
41 64
41 47
40 48
48 55
48 54
48 50
48 51
48 48
48 42
55 42
57 42
56 42
56 46
57 46
61 49
63 54
64 58
63 60
63 51
71 68
63 63
48 65
48 63
48 64
40 76
25 76
25 75
40 74
41 77
51 81
57 79
58 82
61 85
57 86
57 94
74 84
74 90
74 79
84 84
87 70
86 69
84 73
84 75
97 89
101 93
103 95
102 91
101 89
97 93
94 99
94 101
117 101
117 99
120 93
107 92
107 88
102 87
101 86
97 83
97 78
78 87
79 88
78 90
79 92
71 100
71 102
61 109
63 103
61 100
61 98
61 95
51 85
48 75
48 77
48 72
48 70
48 90
32 93
34 93
25 77
25 74
17 75
11 79
10 79
18 69
17 68
26 63
25 62
25 60
25 59
25 49
25 48
