100 60204
100 79031
100 73501
100 72938
100 108317
100 62514
100 16275
100 1462
100 6494
100 531523
100 236208
100 14275
100 66398
100 14423
100 71866
100 139582
100 85941
100 6756
100 45774
100 285239
100 134618
100 77547
100 181977
100 14240
100 33573
100 278423
100 407772
100 20757
100 43867
100 408924
100 69249
100 80832
100 38227
100 433224
100 368146
100 219465
100 111056
100 24635
100 95554
100 17128
100 25243
100 262297
100 374314
100 389540
100 25887
100 3082
100 48289
100 80083
100 360039
100 45158
100 220409
100 133067
100 56460
100 177434
100 19813
100 120629
100 145906
100 84101
100 677011
100 7688
100 96507
100 2925
100 273383
100 26362
100 37608
100 10076
100 362436
100 59448
100 32087
100 95809
100 499826
100 38333
100 87197
100 150393
100 64899
100 48276
100 243929
100 215656
100 112664
100 72569
100 342385
100 11101
100 149178
100 17535
100 264684
100 185617
100 72206
100 257421
100 510201
100 95434
100 59760
100 32940
100 149963
100 245298
100 76346
100 47077
100 98337
100 17521
100 69380
100 31442
100 159893
100 60096
100 73310
100 203806
100 304346
100 20300
100 208181
100 265112
100 127681
100 37186
100 74450
100 39292
100 1619
100 63445
100 141944
100 47529
100 48664
100 234127
100 150526
100 183994
100 50927
100 39406
100 213459
100 30995
100 33600
100 162216
100 93569
100 47053
100 93682
100 68731
100 21699
100 4804
100 523944
100 308882
100 186637
100 417011
100 884530
100 14292
100 107308
100 192940
100 8094
100 311816
100 63969
100 32212
100 43116
100 37406
100 78118
100 157895
100 117031
100 66231
100 239633
100 81321
100 10856
100 47719
100 526068
100 125912
100 50795
100 20878
100 306007
100 476228
100 375557
100 28973
100 135309
100 116976
100 6883
100 200715
100 80282
100 57650
100 136273
100 20511
100 426916
100 145990
100 125422
100 305389
100 83036
100 5901
100 166798
100 54551
100 5715
100 61474
100 39548
100 180586
100 11387
100 14517
100 58497
100 198027
100 149340
100 72130
100 283970
100 177990
100 127927
100 137163
100 143256
100 38743
100 49755
100 395981
100 190672
100 70435
100 135285
100 96561
100 1112745
100 161682
100 225589
100 450187
100 293808
100 133945
100 442850
100 63342
100 47066
100 39367
100 367058
100 26031
100 118503
100 92743
100 137277
100 90770
100 342504
100 78068
100 92696
100 415962
100 327829
100 152038
100 54116
100 45355
100 13837
100 26961
100 5174
100 3777
100 62296
100 107678
100 77317
100 14060
100 8371
100 301941
100 45632
100 341884
100 315741
100 164652
100 179778
100 135916
100 41453
100 60180
100 109676
100 12537
100 71601
100 185361
100 261873
100 114702
100 18594
100 219469
100 28611
100 33282
100 154386
100 312640
100 90746
100 204865
100 158245
100 68041
100 17665
100 48669
100 56382
100 45481
100 374964
100 46056
100 336671
100 65315
100 503222
100 551376
100 237049
100 19713
100 246579
100 59115
100 302835
100 175650
100 428428
100 332925
100 21703
100 85495
100 247060
100 31416
100 67454
100 83830
100 5352
100 162416
100 73988
100 223606
100 40593
100 352512
100 114075
100 21835
100 168962
100 59391
100 335297
100 16284
100 354270
100 56657
100 93882
100 870660
100 121572
100 90669
100 34199
100 39032
100 97496
100 336249
100 164480
100 171508
100 280820
100 53220
100 113898
100 44481
100 24810
100 158355
100 13845
100 127701
100 61154
100 49547
100 66341
100 28576
100 39558
100 32168
100 51986
100 63317
100 258220
100 5060
100 97525
100 71628
100 380450
100 176708
100 108720
100 149727
100 107832
100 6294
100 226483
100 61899
100 65581
100 698150
100 12711
100 114956
100 54681
100 680841
100 13728
100 387822
100 407564
100 64024
100 148011
100 1033550
100 361900
100 315981
100 190005
100 168466
100 19978
100 10208
100 75773
100 69028
100 46324
100 100639
100 27099
100 413975
100 319572
100 51528
100 80341
100 56631
100 350028
100 20231
100 48592
100 200119
100 192177
100 194673
100 252703
100 113234
100 11030
100 200593
100 118487
100 206791
100 214362
100 51020
100 95884
100 59106
100 55287
100 49412
100 231229
100 89672
100 110444
100 230691
100 19637
100 205358
100 179827
100 263192
100 239286
100 66038
100 164611
100 872708
100 7430
100 91808
100 273435
100 135203
100 404932
100 435862
100 8815
100 163708
100 14151
100 150013
100 85851
100 366163
100 117605
100 314980
100 51597
100 101037
100 27743
100 38143
100 130063
100 34120
100 30453
100 38059
100 669
100 180981
100 247715
100 66310
100 47108
100 23435
100 130633
100 111495
100 162912
100 85297
100 106786
100 9081
100 64898
100 27594
100 273952
100 305197
100 138905
100 102302
100 6796
100 801775
100 55101
100 11168
100 52276
100 28967
100 222893
100 43795
100 178486
100 490143
100 516650
100 158268
100 85659
100 28677
100 203057
100 223953
100 95021
100 55845
100 181768
100 1149378
100 446508
100 89241
100 91984
100 38850
100 43775
100 2179
100 250378
100 327527
100 62883
100 69891
100 332943
100 138519
100 90470
100 277846
100 30701
100 324377
100 412389
100 315083
100 78074
100 415977
100 117921
100 58248
100 184043
100 223490
100 88374
100 106939
100 14218
100 376809
100 173083
100 128100
100 237335
100 116701
100 147263
100 68990
100 34152
100 206410
100 53748
100 111458
100 103671
100 267424
100 466255
100 6395
100 104607
100 46893
100 125397
100 65930
100 19877
100 157087
100 46884
100 71341
100 116108
100 233104
100 7196
100 35462
100 178907
100 53884
100 176847
100 9725
100 26792
100 167728
100 100979
100 51995
100 127186
100 185387
100 92903
100 92811
100 360063
100 84909
100 281887
100 76943
100 317816
100 72298
100 272328
100 218608
100 23610
100 159782
100 137482
100 131312
100 99753
100 315155
100 420496
100 178665
100 120027
100 139483
100 105909
100 116303
100 1039
100 188003
100 348914
100 5162
100 157349
100 107597
100 19773
100 233939
100 56319
100 44484
100 5372
100 5538
100 354131
100 65309
100 167650
100 228046
100 83817
100 55361
100 237153
100 368731
100 49928
100 38140
100 100153
100 240869
100 202729
100 296356
100 71382
100 179575
100 238590
100 575043
100 130919
100 15648
100 228833
100 180159
100 230218
100 5328
100 173470
100 31416
100 146422
100 464619
100 122147
100 367229
100 101556
100 37359
100 46826
100 6558
100 83967
100 391614
100 97061
100 108893
100 139430
100 22151
100 77085
100 101250
100 77678
100 51764
100 108799
100 105061
100 89884
100 70765
100 376346
100 143211
100 252058
100 34705
100 339438
100 75030
100 23483
100 133003
100 49154
100 10830
100 106284
100 292600
100 18223
100 81252
100 61627
100 11604
100 53059
100 125583
100 43461
100 141813
100 15420
100 29996
100 159772
100 227311
100 158633
100 72227
100 49903
100 207738
100 95257
100 223882
100 935499
100 221131
100 21171
100 91845
100 208929
100 209450
100 161550
100 59460
100 57389
100 122350
100 96838
100 20322
100 96779
100 148040
100 596802
100 199330
100 3468
100 72652
100 64033
100 192559
100 127391
100 168254
100 383860
100 4336
100 64832
100 266835
100 40028
100 45685
100 197806
100 217421
100 55157
100 340987
100 60082
100 350823
100 160030
100 26982
100 623909
100 6980
100 76321
100 5035
100 11075
100 77281
100 108555
100 10088
100 28016
100 226649
100 38574
100 123015
100 15199
100 22805
100 207364
100 148267
100 79513
100 85674
100 84000
100 14589
100 194898
100 249484
100 54220
100 45932
100 430
100 351243
100 255037
100 10571
100 79217
100 155487
100 44814
100 283435
100 385109
100 149774
100 168648
100 149437
100 92508
100 35630
100 108948
100 26816
100 262273
100 96571
100 68220
100 11781
100 89725
100 38296
100 260088
100 165649
100 435914
100 35011
100 58635
100 20906
100 3498
100 153020
100 151107
100 282370
100 132857
100 316701
100 192335
100 172203
100 20889
100 303718
100 483713
100 49868
100 223324
100 198654
100 8699
100 621059
100 81290
100 8416
100 53038
100 395269
100 124354
100 165302
100 109370
100 40014
100 61617
100 217653
100 4867
100 75167
100 122420
100 99889
100 380483
100 29545
100 72510
100 42516
100 134451
100 419237
100 90586
100 106633
100 238200
100 164732
100 176791
100 37266
100 26852
100 28918
100 91790
100 418685
100 537718
100 44701
100 246449
100 283188
100 70081
100 79963
100 123159
100 131055
100 34122
100 48351
100 155396
100 65314
100 56698
100 15761
100 74425
100 152916
100 457549
100 67775
100 16607
100 206745
100 5699
100 182127
100 53652
100 256840
100 202890
100 197375
100 112497
100 790962
100 189701
100 62266
100 164465
100 87800
100 321541
100 308114
100 13186
100 336406
100 553494
100 41516
100 470907
100 172993
100 225464
100 41999
100 10503
100 191490
100 418848
100 250000
100 102605
100 33141
100 10332
100 158066
100 83531
100 56710
100 30994
100 46366
100 553555
100 23615
100 77302
100 82003
100 115142
100 101636
100 40559
100 18496
100 13257
100 220622
100 148699
100 369793
100 189447
100 25189
100 27344
100 84819
100 123209
100 153130
100 160850
100 52169
100 155624
100 89576
100 15205
100 151110
100 99551
100 144634
100 60626
100 497423
100 75498
100 346142
100 93673
100 209233
100 37098
100 341741
100 516830
100 527305
100 204416
100 410194
100 38533
100 76374
100 146532
100 21415
100 18514
100 119389
100 206781
100 83100
100 107959
100 160177
100 53261
100 89361
100 3126
100 61243
100 17523
100 8836
100 72328
100 19229
100 460279
100 4662
100 100293
100 221940
100 89931
100 63399
100 73541
100 27397
100 82193
100 291125
100 346909
100 166847
100 126767
100 126411
100 44776
100 2599
100 151042
100 258340
100 81229
100 140873
100 12068
100 93006
100 6838
100 365199
100 205205
100 195264
100 168203
100 146597
100 42879
100 6768
100 33648
100 32757
100 347444
100 158656
100 207222
100 99603
100 354154
100 203242
100 128077
100 302740
100 163552
100 29537
100 88481
100 222778
100 57982
100 54085
100 87390
100 150004
100 300760
100 123265
100 76914
100 162164
100 104411
100 252410
100 36363
100 5381
100 15006
100 78588
100 21875
100 31686
100 182792
100 5018
100 38624
100 358304
100 283249
100 58283
100 64515
100 108218
100 47257
100 67796
100 166557
100 24485
100 171794
100 261835
100 3160
100 200043
100 43528
100 12191
100 268486
100 4350
100 62714
100 116430
100 67659
100 79246
100 316461
100 281158
100 175419
100 448238
100 15977
100 534612
100 50858
100 70236
100 335711
100 404779
100 179309
100 183726
100 78159
100 301182
100 20687
100 299406
100 29570
100 116982
100 127822
100 86143
100 130463
100 109402
100 360676
100 132295
100 56071
100 271968
100 268029
100 91009
100 11952
100 13886
100 152690
100 29699
100 167503
100 86107
100 265456
100 57273
100 110816
100 574117
100 288950
100 5974
100 170148
100 65118
100 42716
100 61913
150 372037
150 1305577
150 361938
150 304940
150 784211
150 10786
150 435781
150 645505
150 45130
150 683481
150 457527
150 280202
150 682298
150 68716
150 245697
150 38365
150 773133
150 330067
150 298553
150 28152
150 1138675
150 60970
150 323040
150 200768
150 157019
150 132015
150 10255
150 293695
150 211426
150 790542
150 4946
150 1735061
150 161730
150 28135
150 600509
150 152056
150 271331
150 366556
150 231836
150 160298
150 520716
150 232508
150 691244
150 903913
150 461726
150 1310973
150 5504
150 522916
150 73584
150 868386
150 845962
150 880438
150 278626
150 298423
150 334028
150 474309
150 565435
150 358509
150 202822
150 504101
150 291451
150 1617759
150 1080361
150 266880
150 511087
150 224786
150 505774
150 768349
150 520546
150 274239
150 769836
150 38943
150 17758
150 42099
150 580429
150 379294
150 931129
150 55399
150 334589
150 1116268
150 174926
150 12842
150 805113
150 71894
150 315173
150 144323
150 170183
150 1771977
150 614129
150 117671
150 188455
150 230316
150 20490
150 290841
150 451020
150 117231
150 10438
150 72442
150 606047
150 239801
150 38060
150 979498
150 575319
150 174664
150 863191
150 751107
150 543096
150 104401
150 128469
150 29906
150 11047
150 14966
150 1394324
150 514086
150 48195
150 131916
150 225666
150 152143
150 1107214
150 183176
150 1298668
150 1136954
150 70017
150 193386
150 236335
150 1557219
150 977624
150 347239
150 1316663
150 60850
150 29600
150 275649
150 366908
150 40445
150 1981371
150 361016
150 510414
150 572920
150 544429
150 241189
150 1083013
150 230102
150 175805
150 2822895
150 655439
150 505080
150 89686
150 662432
150 484302
150 1035582
150 770734
150 190178
150 174081
150 439375
150 700898
150 354402
150 57032
150 466011
150 234972
150 112887
150 114321
150 65929
150 365937
150 649879
150 490704
150 170944
150 76938
150 182918
150 213159
150 154993
150 1052494
150 342525
150 252946
150 167948
150 267203
150 647189
150 239669
150 440979
150 289303
150 147975
150 226310
150 1104145
150 52772
150 405644
150 258652
150 78102
150 1044573
150 1704733
150 101157
150 603381
150 482053
150 77149
150 526252
150 1458069
150 166653
150 145086
150 1157831
150 1125049
150 412374
150 139523
150 319614
150 198681
150 335700
150 947597
150 90789
150 1472095
150 549613
150 2551402
150 698791
150 1224665
150 211318
150 212468
150 757078
150 436707
150 1419086
150 277176
150 194819
150 834746
150 872824
150 1179225
150 1518203
150 6123
150 55084
150 238042
150 395691
150 894851
150 60670
150 1102564
150 362887
150 1113826
150 102429
150 300991
150 114252
150 415932
150 1122882
150 241380
150 792417
150 833683
150 52272
150 197926
150 232359
150 40167
150 697322
150 1175369
150 165385
150 362904
150 402481
150 86800
150 219976
150 99409
150 1522203
150 2404781
150 516123
150 454100
150 424528
150 2443610
150 125793
150 40910
150 280754
150 1278381
150 37623
150 363352
150 360612
150 763693
150 103173
150 699149
150 649005
150 476191
150 82709
150 553417
150 696089
150 491427
150 381496
150 97250
150 48172
150 595970
150 612668
150 490789
150 104447
150 691250
150 41062
150 477586
150 2430239
150 67071
150 1305399
150 93718
150 118719
150 236612
150 718559
150 389934
150 25705
150 127690
150 313308
150 1790468
150 1230714
150 98144
150 2846105
150 495141
150 143540
150 73189
150 566189
150 1589227
150 239381
150 140008
150 254179
150 63793
150 591620
150 277351
150 681450
150 424676
150 991596
150 1006732
150 417972
150 331354
150 58035
150 991236
150 733499
150 269230
150 577605
150 438637
150 331315
150 320657
150 329274
150 279841
150 213157
150 251235
150 1009348
150 87207
150 152718
150 1546
150 364868
150 277078
150 240265
150 101672
150 490212
150 1153969
150 319416
150 250072
150 14662
150 1393580
150 174267
150 897777
150 1036317
150 1016299
150 126128
150 83853
150 1002134
150 584680
150 352245
150 365602
150 1145070
150 84997
150 580076
150 569772
150 768616
150 260980
150 1275185
150 1151029
150 1245125
150 297000
150 946954
150 926568
150 313055
150 107692
150 30167
150 565409
150 497378
150 320262
150 75761
150 98652
150 122054
150 709802
150 1104819
150 48291
150 3720
150 218985
150 636238
150 1267440
150 281859
150 1949292
150 193024
150 173324
150 807097
150 100008
150 679206
150 360124
150 1255389
150 252733
150 77519
150 75705
150 510842
150 303840
150 1523939
150 503373
150 1229787
150 598814
150 965324
150 270801
150 30917
150 666388
150 176356
150 1705449
150 415466
150 1387344
150 402385
150 519517
150 94416
150 9858
150 612445
150 199716
150 562322
150 344577
150 81606
150 809606
150 57103
150 319368
150 5020
150 446402
150 366443
150 59460
150 373652
150 466386
150 125585
150 369602
150 2293732
150 197484
150 95065
150 443966
150 1910914
150 126970
150 51407
150 41392
150 1604257
150 361345
150 707285
150 269075
150 610027
150 1511749
150 190040
150 474316
150 563577
150 1436542
150 8241
150 430296
150 907433
150 1977771
150 1766052
150 275308
150 49971
150 808861
150 1569727
150 562173
150 259146
150 30795
150 365170
150 1050922
150 612881
150 309039
150 436016
150 617862
150 520935
150 227549
150 382198
150 1535223
150 293811
150 121933
150 943062
150 183592
150 1906209
150 56121
150 296026
150 87145
150 143921
150 184780
150 1534107
150 1410426
150 27842
150 1187407
150 318396
150 703957
150 451567
150 467349
150 234200
150 241187
150 727097
150 1243707
150 118611
150 452824
150 189855
150 240683
150 121868
150 2007213
150 47808
150 160320
150 427393
150 208115
150 213822
150 645986
150 100131
150 74319
150 543800
150 157550
150 769618
150 468623
150 430536
150 261897
150 204712
150 390056
150 412234
150 109526
150 58152
150 353792
150 109035
150 53662
150 313524
150 1343463
150 310108
150 143980
150 323718
150 920518
150 42612
150 250855
150 1557211
150 162615
150 1777564
150 964594
150 815684
150 951552
150 206378
150 44413
150 741391
150 1358351
150 110568
150 268301
150 291138
150 87612
150 237712
150 381693
150 958135
150 522625
150 188212
150 591904
150 236405
150 418812
150 1471905
150 1520155
150 1406217
150 127660
150 3589758
150 967996
150 985795
150 472521
150 938778
150 179410
150 1682143
150 810527
150 143333
150 89827
150 23442
150 740883
150 252550
150 1148470
150 669952
150 703799
150 773248
150 171015
150 91312
150 303915
150 113282
150 518975
150 5655
150 208002
150 361932
150 210241
150 416552
150 789326
150 311269
150 573478
150 452487
150 314206
150 1694470
150 186144
150 13454
150 984767
150 771106
150 22348
150 67336
150 9398
150 471978
150 493756
150 80711
150 508941
150 791097
150 268225
150 1068718
150 71835
150 402919
150 768196
150 9682
150 1067015
150 913981
150 1077633
150 50606
150 236548
150 323847
150 162541
150 842898
150 362512
150 1456688
150 100004
150 117084
150 293422
150 718433
150 354152
150 140139
150 469695
150 258118
150 1228566
150 354775
150 545179
150 41484
150 634532
150 57881
150 483784
150 947251
150 52071
150 75428
150 482867
150 173068
150 359567
150 51815
150 644348
150 327027
150 186318
150 63828
150 203420
150 368564
150 141288
150 502682
150 56530
150 73377
150 2065155
150 642223
150 402169
150 33696
150 577339
150 704554
150 2534634
150 305280
150 30927
150 595776
150 362031
150 992849
150 1764068
150 981302
150 596632
150 661861
150 115060
150 29171
150 419803
150 295224
150 11264
150 1917354
150 613638
150 366992
150 169612
150 510235
150 132533
150 206648
150 919506
150 957474
150 92770
150 512157
150 67916
150 745399
150 594802
150 507054
150 42390
150 422044
150 218960
150 2018364
150 72556
150 617035
150 551814
150 165290
150 88682
150 773720
150 1248996
150 1681268
150 595442
150 78372
150 1366501
150 585911
150 2699662
150 579912
150 680955
150 39703
150 401908
150 372602
150 1431785
150 1181014
150 35912
150 1046054
150 114810
150 6026
150 78770
150 99721
150 458074
150 28651
150 298112
150 929202
150 386140
150 845811
150 372385
150 226045
150 750450
150 145731
150 188724
150 601954
150 260402
150 144426
150 159888
150 129282
150 280461
150 45015
150 214056
150 623535
150 350748
150 404999
150 382783
150 302892
150 342307
150 152520
150 665513
150 574063
150 24179
150 418956
150 908686
150 86338
150 1209434
150 800400
150 50764
150 50682
150 468685
150 392856
150 472495
150 831883
150 539657
150 507604
150 424782
150 111067
150 191060
150 821471
150 554426
150 250110
150 48562
150 236203
150 1879820
150 1071881
150 645171
150 949338
150 540576
150 386038
150 274571
150 367099
150 273345
150 30741
150 28860
150 537208
150 453253
150 861784
150 1081954
150 156758
150 92206
150 79574
150 238963
150 97199
150 124989
150 628915
150 365020
150 1339050
150 252305
150 759190
150 691965
150 41643
150 6661
150 1336096
150 90711
150 164480
150 267672
150 1013542
150 165563
150 130959
150 1385534
150 182038
150 1173563
150 178453
150 458851
150 360864
150 561441
150 411827
150 485108
150 118772
150 1713915
150 387441
150 397521
150 517308
150 130127
150 167616
150 30146
150 82206
150 825817
150 8855
150 371227
150 866919
150 113625
150 256093
150 879467
150 1753259
150 118465
150 540878
150 1315630
150 66267
150 164801
150 13382
150 1138345
150 284680
150 230591
150 33072
150 58987
150 9428
150 1650
150 146860
150 877173
150 182807
150 18319
150 29680
150 642455
150 371671
150 359687
150 36556
150 44859
150 372403
150 104094
150 391122
150 735989
150 54684
150 879750
150 410367
150 45347
150 149532
150 131213
150 180820
150 157033
150 220508
150 31209
150 145211
150 413893
150 166704
150 880567
150 24224
150 5738
150 360128
150 235090
150 577619
150 497850
150 29303
150 1270918
150 771909
150 815360
150 964706
150 46729
150 32585
150 258046
150 313078
150 13659
150 373719
150 1494285
150 295018
150 61278
150 504229
150 799058
150 159002
150 165108
150 28510
150 26644
150 167509
150 316373
150 42819
150 70182
150 544470
150 446750
150 594742
150 143359
150 1283006
150 319159
150 126970
150 434097
150 1325192
150 1317852
150 533592
150 143673
150 505588
150 132186
150 247869
150 342218
150 244630
150 570025
150 346984
150 468911
150 556396
150 1868145
150 297466
150 52006
150 105431
150 847575
150 384102
150 318314
150 299716
150 462046
150 421239
150 276415
150 782615
150 90512
150 59593
150 1774441
150 1071286
150 708440
150 34689
150 720082
150 327280
150 144521
150 362509
150 36608
150 265896
150 1256289
150 96909
150 372154
150 631736
150 132697
150 288705
150 451253
150 52774
150 250176
150 1034350
150 351889
150 176942
150 508860
150 378142
150 643442
150 95873
150 950661
150 756118
150 73658
150 326015
150 455918
150 272648
150 430636
150 397015
150 579306
150 1007365
150 249432
150 278228
150 191719
150 459301
150 426602
150 271361
150 395812
150 5395
150 16047
150 574688
150 316039
150 417169
150 666279
150 462456
150 198158
150 158206
150 1234612
150 80666
150 684344
150 432666
150 270173
150 601841
150 359746
150 563878
150 872450
150 1704015
150 76464
150 562861
150 896502
150 332939
150 10691
150 193951
150 193055
150 17082
150 137034
150 2423580
150 401802
150 848579
150 1511536
200 2338768
200 2370967
200 590731
200 231484
200 1043869
200 286005
200 329885
200 479105
200 534703
200 143188
200 1377816
200 1483675
200 315500
200 2027121
200 248423
200 772422
200 44401
200 1207946
200 530192
200 2985856
200 456655
200 209217
200 1142883
200 832095
200 999466
200 126705
200 3284692
200 61090
200 2031549
200 641230
200 70436
200 1583315
200 516847
200 3911131
200 294486
200 52271
200 2907043
200 891694
200 1733044
200 483913
200 228695
200 271726
200 2742948
200 612764
200 437342
200 617958
200 711347
200 4418749
200 1895576
200 1427321
200 1422385
200 1385448
200 1376044
200 2006007
200 46927
200 38240
200 2641064
200 1572415
200 4564085
200 1495586
200 1236243
200 705599
200 489898
200 2559525
200 2605744
200 392629
200 10636
200 1446400
200 2456793
200 946186
200 729121
200 117281
200 832293
200 238193
200 4218657
200 2364941
200 2027505
200 647665
200 1064231
200 1237026
200 857369
200 2071093
200 252167
200 292907
200 752311
200 198911
200 648196
200 1052906
200 1555151
200 1442340
200 500549
200 184052
200 12560
200 292292
200 89907
200 615709
200 332948
200 762847
200 1922546
200 426079
200 58726
200 2574103
200 315624
200 583579
200 701152
200 1785065
200 493459
200 2473329
200 2312310
200 51112
200 888844
200 439528
200 946842
200 311085
200 1252708
200 1424640
200 3103403
200 94730
200 1549935
200 1551817
200 762336
200 7788
200 585187
200 1633352
200 777091
200 4467359
200 1503900
200 7551511
200 2510428
200 1221004
200 613323
200 1178387
200 1380576
200 719889
200 40970
200 326054
200 594534
200 599352
200 133989
200 843427
200 314399
200 918233
200 779485
200 818256
200 246335
200 1443190
200 603376
200 2767988
200 349309
200 4197
200 1527281
200 112521
200 817072
200 1191763
200 159417
200 67875
200 1134184
200 1761128
200 374412
200 568001
200 540630
200 3091296
200 1190917
200 3236904
200 745178
200 1585410
200 1907132
200 3782864
200 676097
200 2528529
200 3629686
200 483328
200 988834
200 2207895
200 479987
200 1779457
200 66760
200 971440
200 3741501
200 2352894
200 1380110
200 125177
200 948766
200 2001188
200 13554
200 461285
200 414716
200 202822
200 931925
200 825770
200 1002025
200 693760
200 895308
200 867265
200 43440
200 2776730
200 3379347
200 613356
200 401586
200 121713
200 3517877
200 547828
200 201398
200 958579
200 780311
200 768414
200 105005
200 171607
200 296789
200 2206356
200 619951
200 3367550
200 516219
200 1667885
200 1916960
200 6375749
200 243941
200 1082969
200 1024878
200 526822
200 438309
200 1339121
200 1046561
200 59546
200 2796710
200 639334
200 1748788
200 2511243
200 157223
200 175077
200 2183150
200 213531
200 891774
200 581488
200 816665
200 75638
200 1109753
200 1505040
200 4967
200 620652
200 206597
200 659099
200 831900
200 2582422
200 104918
200 1112197
200 1889832
200 252053
200 2735481
200 98368
200 109077
200 1166383
200 2070719
200 163966
200 460660
200 217452
200 4763558
200 1135487
200 6571007
200 1148028
200 102565
200 456269
200 411349
200 1249796
200 2634307
200 2292948
200 3075430
200 1287178
200 1265774
200 79076
200 2116955
200 183627
200 215397
200 1022577
200 908571
200 1781426
200 772389
200 3371316
200 1594790
200 374371
200 724739
200 167499
200 2392164
200 1126557
200 418881
200 1338615
200 154661
200 141600
200 338159
200 659652
200 720189
200 537495
200 270066
200 446745
200 831087
200 1370502
200 2286498
200 1145025
200 300286
200 793978
200 6893
200 1416017
200 1123544
200 236754
200 2395996
200 1655856
200 1094054
200 678863
200 1901676
200 929998
200 245196
200 951990
200 863864
200 1227511
200 606358
200 1533886
200 3175941
200 926425
200 1033850
200 2589940
200 1336403
200 240476
200 1801211
200 1174624
200 1408942
200 5309915
200 3687785
200 166952
200 922921
200 2720077
200 433749
200 395953
200 2499162
200 1858524
200 1920950
200 4621202
200 1070378
200 2057181
200 2284196
200 982482
200 127455
200 3510711
200 2155252
200 729908
200 335601
200 2826195
200 3644775
200 925546
200 49544
200 1931527
200 870873
200 1412427
200 1469161
200 1321540
200 529272
200 235684
200 304983
200 390725
200 1684898
200 1074410
200 606080
200 1023577
200 649109
200 2585921
200 904072
200 1635732
200 1276439
200 1654684
200 765984
200 412549
200 1964268
200 1030565
200 517568
200 511348
200 34559
200 320095
200 604671
200 646922
200 500142
200 35413
200 2471014
200 1970210
200 419954
200 746049
200 2089385
200 1177280
200 363476
200 1377090
200 668651
200 679097
200 636049
200 277975
200 998683
200 1485860
200 1485439
200 2214061
200 3398563
200 289793
200 260420
200 4917220
200 46318
200 1239657
200 595702
200 1257450
200 848841
200 255938
200 192343
200 1404663
200 133126
200 1756719
200 2815723
200 106202
200 570112
200 1449145
200 128464
200 2743341
200 2322809
200 2904430
200 3017490
200 945878
200 2598109
200 18117
200 792502
200 70147
200 188486
200 475509
200 851581
200 1304227
200 1777505
200 1051126
200 236739
200 112824
200 2061023
200 450685
200 1353472
200 820321
200 3621862
200 1985520
200 516760
200 24475
200 1844933
200 2313722
200 2441061
200 3969212
200 2923107
200 139307
200 3739906
200 999203
200 1558022
200 1429737
200 327970
200 1380637
200 30872
200 4138462
200 58319
200 826761
200 1548759
200 323953
200 514531
200 1280234
200 2245887
200 488946
200 3749583
200 2363132
200 410548
200 157283
200 819289
200 277782
200 73568
200 198537
200 1702331
200 767244
200 1208060
200 1279694
200 1351265
200 1319143
200 2308926
200 2700085
200 570170
200 3535695
200 1249409
200 1147889
200 181787
200 849633
200 2606589
200 329693
200 897782
200 757274
200 376135
200 199020
200 58022
200 289641
200 346666
200 132830
200 561286
200 434033
200 2205220
200 1482634
200 219593
200 1677018
200 2052141
200 1030664
200 1804488
200 2745842
200 1298676
200 716345
200 14048
200 4284412
200 452369
200 1752077
200 1152668
200 2000408
200 1079611
200 716165
200 596274
200 327895
200 245901
200 105828
200 1635030
200 178979
200 619979
200 132247
200 241929
200 3147938
200 283374
200 1351518
200 3288299
200 5944230
200 716770
200 1338714
200 334318
200 2760268
200 514724
200 529588
200 1196424
200 422864
200 474679
200 750831
200 1161885
200 1193000
200 356771
200 832597
200 369640
200 194150
200 2896393
200 3471305
200 1315721
200 3453251
200 2114481
200 536299
200 1340984
200 294804
200 508495
200 480179
200 1901723
200 488043
200 896223
200 351581
200 2965090
200 766766
200 1419831
200 2430573
200 13650
200 729472
200 1953673
200 1863672
200 1167273
200 2350121
200 201562
200 5340210
200 17803
200 2908080
200 587160
200 1541629
200 66206
200 2294300
200 690469
200 566664
200 2057728
200 30147
200 302943
200 441750
200 1724668
200 12641
200 1845605
200 426146
200 672330
200 2027179
200 2994309
200 458628
200 31475
200 2665154
200 862754
200 3155836
200 110848
200 2005697
200 941702
200 3083924
200 170476
200 2295297
200 1169733
200 1526323
200 1531074
200 2146957
200 1277600
200 2591605
200 651067
200 639060
200 1517358
200 949238
200 898676
200 2423906
200 3945690
200 801862
200 145047
200 1460773
200 1270867
200 284762
200 97847
200 851251
200 1436884
200 4173609
200 227474
200 1265390
200 2061617
200 1460677
200 484262
200 4752569
200 412104
200 782327
200 1227826
200 917950
200 3155558
200 1906148
200 542456
200 17434
200 182093
200 3197567
200 3626894
200 350681
200 1096655
200 1467432
200 822627
200 57222
200 565300
200 1484934
200 1779838
200 4430161
200 2081722
200 1010572
200 489471
200 205672
200 2031900
200 797630
200 1022933
200 1462475
200 276412
200 936391
200 348177
200 221493
200 157440
200 101843
200 1329721
200 1319193
200 342353
200 819108
200 437551
200 385638
200 1043830
200 4333559
200 660623
200 4652855
200 747384
200 2780993
200 1381290
200 85827
200 1367369
200 1304834
200 376105
200 397463
200 2801498
200 4116713
200 2662016
200 795879
200 1447573
200 1809256
200 166816
200 23436
200 1209406
200 424514
200 1090002
200 651029
200 725922
200 6440
200 501828
200 617329
200 3133722
200 3854825
200 666190
200 1110931
200 5545118
200 1312384
200 4009046
200 639646
200 214633
200 30342
200 710694
200 627094
200 3501872
200 73202
200 324001
200 1923969
200 413187
200 584933
200 1337167
200 984388
200 2527950
200 744628
200 1577192
200 5425347
200 1584357
200 512229
200 1114436
200 2560977
200 80752
200 1774729
200 815762
200 216232
200 227467
200 196197
200 1395241
200 1496094
200 1092057
200 613232
200 483022
200 1425763
200 4576459
200 3995371
200 393341
200 61964
200 488777
200 265887
200 2247652
200 1217238
200 295044
200 1731651
200 2672627
200 970474
200 2343707
200 83927
200 514902
200 1731290
200 2954990
200 117502
200 1998177
200 710979
200 1856924
200 1162209
200 948690
200 417733
200 1028975
200 1025243
200 861758
200 4428194
200 698142
200 654873
200 223445
200 220376
200 1318190
200 1568289
200 1619432
200 640506
200 26811
200 247890
200 2251291
200 315749
200 295596
200 1269089
200 4343358
200 1169637
200 536224
200 3466586
200 312277
200 745416
200 2545911
200 1202285
200 1934366
200 571325
200 237284
200 1931579
200 116527
200 2068403
200 421586
200 298636
200 1195207
200 399583
200 1116912
200 2343405
200 851896
200 368930
200 1443148
200 429582
200 91873
200 63873
200 273553
200 1243431
200 244185
200 341266
200 641924
200 2207208
200 1120705
200 2635183
200 853925
200 1331815
200 1563371
200 208340
200 191440
200 246984
200 232382
200 1969202
200 3804801
200 1144352
200 687985
200 439439
200 932954
200 3272573
200 13842
200 1886139
200 567304
200 1467255
200 1365156
200 1478393
200 371273
200 1144688
200 293688
200 586342
200 623254
200 318817
200 1702246
200 26809
200 1947372
200 2271488
200 485369
200 783007
200 1892586
200 268153
200 669353
200 244780
200 581713
200 493503
200 18014
200 257857
200 1294061
200 1102074
200 521328
200 36508
200 373995
200 22810
200 242711
200 4924195
200 1817755
200 212249
200 1456543
200 1475290
200 2050469
200 178885
200 243112
200 2507956
200 202025
200 411567
200 15944
200 575506
200 923820
200 798825
200 567805
200 707019
200 869207
200 1049750
200 188558
200 947538
200 419742
200 713465
200 6843
200 4466023
200 311048
200 1683814
200 835041
200 2135497
200 1629340
200 153823
200 213746
200 323728
200 819184
200 210488
200 652597
200 1372115
200 152199
200 2834930
200 302336
200 540351
200 958701
200 1396029
200 660900
200 79949
200 398558
200 231484
200 3892273
200 1211953
200 1942156
200 94266
200 3148638
200 458470
200 194479
200 43047
200 1196791
200 973229
200 539124
200 913678
200 1873340
200 1506740
200 941062
200 269323
200 1579620
200 1840680
200 1367301
200 841519
200 277823
200 5123863
200 670377
200 1756217
200 385260
200 2143052
200 2587553
200 2378466
200 86065
200 229794
200 173257
200 1943035
200 241914
200 622412
200 387466
200 217482
200 1534858
200 743297
200 813497
200 3833171
200 1519126
200 1253711
200 754659
200 904804
200 626388
200 91014
200 29602
200 973484
200 4327684
200 3004467
200 924595
200 3708801
200 241034
200 1338762
200 1751482
200 1816204
200 143117
200 2032216
200 1102608
200 2120959
200 1855817
200 3589966
200 244266
200 454953
200 4017507
200 1661724
200 979411
200 436818
200 948165
200 1772949
200 1413284
200 168731
200 185515
200 1842931
200 510295
200 263035
200 18752
200 1532938
200 1691156
200 1784639
200 759125
200 631189
200 4367008
200 2293516
200 288774
200 851688
200 413856
200 2083373
200 2619593
200 45868
200 4583205
200 2352648
200 1683320
200 1816021
250 1351376
250 231899
250 708117
250 459148
250 806849
250 3587931
250 2078483
250 1190366
250 1375479
250 1174793
250 4381003
250 2027357
250 800586
250 963998
250 513281
250 867791
250 739483
250 2448034
250 886992
250 6271166
250 438688
250 1518380
250 1772629
250 4053674
250 3002186
250 535585
250 1010487
250 105645
250 2043499
250 1159789
250 992909
250 912443
250 1474908
250 6084332
250 6122760
250 540505
250 112528
250 24048
250 1033805
250 5953299
250 435398
250 44482
250 5330186
250 5897133
250 2158004
250 2709390
250 643136
250 1554119
250 2112767
250 1547865
250 1798604
250 3251215
250 88151
250 2145560
250 645628
250 3295656
250 375179
250 1231488
250 601171
250 2964011
250 5447709
250 2572863
250 1564068
250 1110550
250 3097316
250 1784578
250 4354725
250 343280
250 117864
250 1083533
250 1454907
250 4466596
250 969898
250 1999483
250 1745584
250 2286583
250 523637
250 3370037
250 2316453
250 1874012
250 2038036
250 4341045
250 510617
250 1132962
250 321592
250 13515174
250 3983566
250 3113168
250 1134391
250 217660
250 3635899
250 5252775
250 855980
250 4744070
250 4406854
250 6369653
250 850468
250 1727654
250 946097
250 3256571
250 80318
250 372485
250 1303432
250 557155
250 1971571
250 1718275
250 2640803
250 34602
250 3309995
250 1919827
250 3127353
250 2846881
250 724679
250 8469427
250 647203
250 389614
250 4694
250 2565649
250 4086614
250 2144252
250 778216
250 2873849
250 2951122
250 3011792
250 2344337
250 1572275
250 1215085
250 450696
250 1466022
250 943587
250 8776233
250 197813
250 3111873
250 294228
250 1824541
250 3296455
250 3751523
250 1257893
250 1146555
250 5845007
250 38256
250 1116570
250 6862993
250 3866472
250 286311
250 4930149
250 862358
250 413586
250 4314847
250 760415
250 3722784
250 1111973
250 3046660
250 1125221
250 638927
250 1967785
250 1796236
250 4769156
250 13452454
250 807144
250 4494949
250 872693
250 1478703
250 3253958
250 573820
250 1819706
250 1747317
250 3404032
250 2076426
250 3566994
250 417996
250 768494
250 357325
250 1444301
250 3884431
250 8806708
250 5403036
250 57830
250 1731439
250 4197746
250 3155863
250 537951
250 1801300
250 2444136
250 6073818
250 20162
250 2579835
250 1656389
250 2309210
250 488875
250 533164
250 7646330
250 267515
250 1657081
250 1057221
250 1620433
250 217870
250 587988
250 78723
250 301152
250 730948
250 4179625
250 2275758
250 281156
250 1951018
250 155584
250 224767
250 4718519
250 4456649
250 2370533
250 1522398
250 239287
250 261988
250 2565982
250 460098
250 1906514
250 2149100
250 4580973
250 151240
250 3413584
250 1370781
250 172362
250 8169866
250 1850547
250 567726
250 2713066
250 8966263
250 909458
250 92191
250 101302
250 3983718
250 169790
250 9988887
250 546136
250 2056099
250 257417
250 374673
250 864644
250 4019571
250 178582
250 6124173
250 198292
250 727980
250 6187701
250 815153
250 2991607
250 550903
250 1826741
250 164993
250 2373621
250 1702827
250 6324171
250 495479
250 3573410
250 648475
250 5217603
250 1058869
250 526245
250 19371
250 146984
250 1704238
250 3770429
250 1445945
250 784500
250 139734
250 1445585
250 625286
250 802982
250 915556
250 1756390
250 863774
250 1546392
250 305283
250 909850
250 58527
250 2218862
250 3746295
250 7564707
250 6302774
250 313640
250 2296162
250 157978
250 11045027
250 2116256
250 1683838
250 9246574
250 3033436
250 4960130
250 84098
250 5844630
250 608807
250 2721487
250 3556642
250 2311838
250 3070322
250 3055146
250 2032163
250 1663643
250 8299139
250 635128
250 1129748
250 1227395
250 1327710
250 4524312
250 558662
250 2426537
250 743970
250 2654319
250 2281070
250 1314809
250 7253854
250 1647208
250 103934
250 3544265
250 189371
250 860230
250 1409379
250 170548
250 3916988
250 3809232
250 154079
250 1023120
250 2503132
250 8835154
250 423722
250 3053075
250 850106
250 577311
250 394638
250 2909472
250 8198997
250 5041393
250 926779
250 2257145
250 580643
250 3666284
250 772481
250 5197910
250 1265767
250 1902626
250 337649
250 5236793
250 756319
250 4135998
250 2094110
250 6752292
250 61291
250 1665965
250 581617
250 1991621
250 299015
250 3738338
250 119021
250 988560
250 5636277
250 53438
250 1856980
250 1112900
250 64255
250 2182866
250 3457594
250 1531903
250 473462
250 116873
250 2998159
250 822891
250 1154816
250 139318
250 934492
250 238301
250 4103244
250 188487
250 1035625
250 1618933
250 7121853
250 3401670
250 44663
250 2373099
250 3215375
250 1544164
250 687680
250 325273
250 1214287
250 5057201
250 2593508
250 413276
250 2933990
250 1360543
250 5198873
250 3894495
250 3400770
250 1013441
250 332346
250 1251608
250 2601714
250 2837665
250 1349806
250 1165263
250 792551
250 3136321
250 956711
250 1630797
250 521862
250 1705060
250 978361
250 763328
250 145129
250 141218
250 2198127
250 5238127
250 8320483
250 4719957
250 4500298
250 1508132
250 1895859
250 387624
250 1004335
250 192909
250 4251129
250 1072147
250 10114366
250 2597416
250 1049897
250 26729
250 4127651
250 5476862
250 4360911
250 3136749
250 1200306
250 2061725
250 4198495
250 2932431
250 3177335
250 1530295
250 1793151
250 5956511
250 5263287
250 3531071
250 289921
250 3756336
250 471028
250 2961927
250 3721206
250 6013702
250 7422051
250 9249
250 1503112
250 1514420
250 1613112
250 1698374
250 5749148
250 3096366
250 2441145
250 18181
250 4789518
250 544452
250 6099099
250 254175
250 1167598
250 4831084
250 4192204
250 3730661
250 4286236
250 1748812
250 8841022
250 806884
250 3528140
250 792658
250 190846
250 273432
250 3589867
250 760817
250 372588
250 3796232
250 2918638
250 648301
250 1726479
250 685137
250 2730779
250 1555101
250 2122203
250 2000309
250 2019946
250 1306296
250 1055831
250 1559661
250 7931676
250 2131587
250 1698447
250 1534073
250 1365032
250 1977432
250 207656
250 5623726
250 4657446
250 2765225
250 1072812
250 51201
250 369984
250 3718233
250 885820
250 4003673
250 714838
250 4466510
250 943128
250 1617806
250 391643
250 5764050
250 89017
250 3106719
250 623244
250 4725790
250 5208087
250 3112995
250 402659
250 6968167
250 956265
250 877798
250 980028
250 3114048
250 6287709
250 2034863
250 7068400
250 2844027
250 4020991
250 784133
250 3492004
250 3235839
250 315549
250 1157912
250 206150
250 848415
250 1224597
250 2003157
250 4827613
250 6290287
250 262917
250 2235257
250 1866020
250 602930
250 3465878
250 260957
250 72487
250 508810
250 1641376
250 592637
250 10312441
250 17261
250 4532605
250 3055851
250 3036773
250 1620666
250 571268
250 1560771
250 600194
250 58298
250 4366299
250 1217929
250 4220332
250 664084
250 2371101
250 1666854
250 27784
250 880773
250 1171420
250 2212767
250 1991526
250 1366735
250 672039
250 2453992
250 371954
250 1086238
250 183390
250 2930332
250 293492
250 1901339
250 2084845
250 697184
250 3857138
250 680280
250 4256851
250 117319
250 701196
250 4692623
250 5330840
250 1162856
250 1448297
250 471341
250 452870
250 4395467
250 305174
250 2579803
250 4262185
250 2243121
250 3196683
250 265387
250 476589
250 7798862
250 5624338
250 1081266
250 120311
250 3698685
250 2324016
250 309891
250 715468
250 459464
250 1045374
250 5284956
250 2144298
250 4454040
250 6113097
250 4115742
250 204901
250 3992986
250 3175702
250 2451034
250 259283
250 690347
250 11158
250 136219
250 1793758
250 1479271
250 3356048
250 2037578
250 8810783
250 2693856
250 1434359
250 3476019
250 555882
250 2005799
250 677908
250 4625611
250 710209
250 1049495
250 991535
250 620215
250 3781964
250 1655089
250 184635
250 2536830
250 787893
250 264208
250 934539
250 7247158
250 1210722
250 1020626
250 307993
250 605400
250 6921942
250 5538461
250 4776001
250 233940
250 341159
250 1501162
250 543305
250 4870904
250 3675246
250 694047
250 3326058
250 1600179
250 3072823
250 671194
250 327880
250 1946817
250 993201
250 9928432
250 1334291
250 878477
250 2302535
250 254202
250 4442997
250 763121
250 3734073
250 2037859
250 6313529
250 1914509
250 313642
250 1183307
250 5610218
250 1268258
250 326897
250 537494
250 904696
250 2643512
250 2957287
250 2825516
250 638203
250 1861753
250 2192145
250 4288977
250 930034
250 1034480
250 156763
250 6720238
250 1432209
250 1813670
250 1187210
250 2304796
250 2867375
250 214368
250 1052699
250 1323878
250 561308
250 197028
250 6927557
250 64444
250 743672
250 6132788
250 5818055
250 559129
250 2876781
250 5026976
250 2501800
250 6053261
250 969522
250 4888836
250 2502254
250 1246411
250 789332
250 2629391
250 418531
250 3471080
250 134196
250 4749383
250 778613
250 993066
250 1569718
250 2259837
250 2530832
250 1579951
250 741789
250 687080
250 3648227
250 263241
250 632017
250 1005172
250 6689224
250 2811840
250 839256
250 172171
250 1105290
250 1168505
250 4721969
250 12029383
250 1264089
250 4443187
250 430436
250 172169
250 438181
250 1236268
250 423321
250 12623
250 3225191
250 1568103
250 3749273
250 2051049
250 1926597
250 4567785
250 4521875
250 4758293
250 1283053
250 1569527
250 1705985
250 506757
250 2126492
250 2557177
250 35525
250 2888362
250 699290
250 757418
250 2700799
250 3970227
250 5344111
250 1655690
250 801216
250 1610741
250 2220733
250 2129458
250 7864251
250 2709733
250 448326
250 418549
250 1278635
250 1696776
250 6277192
250 9024957
250 1988868
250 1903205
250 3409265
250 1844504
250 351777
250 3134787
250 7564107
250 1061438
250 1920997
250 2149548
250 443220
250 4111185
250 2648466
250 1373713
250 4057755
250 3530122
250 5216281
250 3165558
250 2628045
250 104976
250 1844002
250 8790595
250 3776163
250 866891
250 2251839
250 295117
250 953103
250 2414908
250 2223156
250 4170982
250 4710734
250 227979
250 2483712
250 1875298
250 405595
250 1008314
250 2565203
250 961497
250 1912462
250 1423539
250 170763
250 2078625
250 133375
250 1892240
250 1096488
250 599075
250 1236924
250 1610102
250 3378388
250 1030219
250 1090790
250 830104
250 633509
250 2896419
250 85377
250 1387980
250 1855836
250 1272437
250 4122858
250 1370007
250 330627
250 2988105
250 3797387
250 2379042
250 878063
250 4564171
250 5088667
250 4101531
250 5731850
250 143887
250 163458
250 763368
250 7154517
250 4347108
250 1502091
250 1266110
250 3290560
250 2634748
250 1816407
250 2000975
250 896808
250 4560004
250 1418240
250 694659
250 419213
250 1177091
250 5320600
250 2153131
250 1059668
250 6139352
250 941281
250 1294539
250 6550033
250 9519356
250 326697
250 1692777
250 4592289
250 1629545
250 2039065
250 3076789
250 2648753
250 3733094
250 2618308
250 3049463
250 4296220
250 814331
250 12932053
250 1799834
250 322252
250 657695
250 4041332
250 2669380
250 8401716
250 8197930
250 680287
250 1234112
250 3538053
250 275531
250 3116291
250 586351
250 246132
250 4745338
250 723138
250 129401
250 2007795
250 2635875
250 386795
250 2187388
250 5165547
250 1291873
250 6763604
250 4526054
250 1852230
250 8903532
250 2726097
250 1086029
250 1374715
250 2088771
250 3398902
250 3642934
250 21094
250 199652
250 1110878
250 1353141
250 1340145
250 306355
250 516688
250 1134507
250 528440
250 860616
250 3388929
250 5190768
250 663087
250 2959987
250 973837
250 824500
250 20124
250 5856428
250 3473172
250 3657696
250 1092046
250 3206500
250 2161644
250 2387450
250 5403361
250 2135723
250 3341450
250 2867527
250 710612
250 2855918
250 406515
250 5008237
250 536956
250 2559726
250 6983420
250 492466
250 534851
250 3753696
250 31362
250 1454788
250 1878747
250 1553116
250 346562
250 854679
250 2235930
250 2396927
250 4045616
250 1424930
250 1551235
250 595176
250 404511
250 3826767
250 2028900
250 4396442
250 2161440
250 378145
250 659377
250 1853709
250 2505810
250 5078075
250 1132215
250 2192138
250 2550460
250 566884
250 439880
250 1439675
250 2802983
250 338639
250 2638572
250 726718
250 1950272
250 2218088
250 290615
250 3178545
300 2629295
300 2314028
300 1037758
300 698239
300 6473056
300 545967
300 5453236
300 452675
300 9357995
300 1080877
300 1697349
300 1504999
300 2891384
300 1862516
300 2154102
300 1472540
300 1376708
300 1505212
300 6829770
300 13878315
300 2763566
300 17545999
300 4444369
300 4276589
300 710647
300 6402373
300 9730433
300 1774891
300 6990514
300 1582697
300 2249875
300 13776739
300 2106818
300 5350037
300 6191663
300 12022321
300 7112922
300 4126738
300 5056837
300 7219648
300 897137
300 2941923
300 4294273
300 7706771
300 2279406
300 2725310
300 3490428
300 1091669
300 16744378
300 5428472
300 12462838
300 2942201
300 1679908
300 7120898
300 693012
300 784578
300 4254516
300 3406042
300 4958730
300 8850885
300 1097471
300 3604954
300 4814921
300 5266504
300 2037370
300 13313405
300 1365551
300 4057254
300 3569291
300 4173058
300 10001256
300 19739446
300 4783350
300 1339126
300 10243536
300 2092587
300 35216
300 550201
300 1579596
300 961389
300 4579486
300 2069840
300 3963543
300 6992444
300 116777
300 9452151
300 359215
300 108008
300 4032410
300 2984115
300 2451433
300 2873724
300 1171420
300 685833
300 5843416
300 4910795
300 4114156
300 469010
300 7139472
300 6803771
300 2535815
300 1665724
300 385545
300 2657944
300 1601642
300 1377529
300 3522864
300 550658
300 1117545
300 707005
300 591470
300 2435847
300 12864824
300 1943893
300 4297968
300 1497253
300 3723801
300 1877451
300 1100016
300 6644910
300 533662
300 1982556
300 4872177
300 6544068
300 7857563
300 192755
300 2735657
300 972009
300 3037056
300 3637942
300 7053636
300 4684514
300 989919
300 22715070
300 485124
300 814195
300 4609815
300 1055683
300 2643650
300 947755
300 10294082
300 991130
300 7517727
300 3750761
300 3827122
300 2321733
300 2568080
300 6726200
300 1784458
300 10624055
300 392618
300 2297158
300 6705305
300 1576337
300 5889573
300 6883676
300 6610593
300 11217701
300 1251804
300 3437328
300 4939733
300 2521076
300 13336919
300 5212504
300 371252
300 6590407
300 1164661
300 881585
300 85430
300 2899887
300 3904378
300 1218260
300 8075381
300 4137458
300 3263512
300 335059
300 5360722
300 1275621
300 2377167
300 8292060
300 4098815
300 11009713
300 556064
300 1254773
300 4605250
300 788252
300 514970
300 2889652
300 68176
300 628736
300 13198432
300 2327425
300 430878
300 989336
300 661610
300 8700406
300 4278891
300 5167021
300 570238
300 1264062
300 985720
300 951321
300 2920594
300 722263
300 4025760
300 258164
300 5197351
300 12026728
300 7795671
300 5841921
300 6027616
300 2470145
300 1085837
300 1289942
300 10263342
300 1807973
300 2726301
300 6240768
300 2173496
300 17170410
300 20306054
300 1453456
300 5496145
300 1343102
300 2431433
300 2346981
300 518662
300 5256140
300 22669
300 13655109
300 7590112
300 1543465
300 2829770
300 2188245
300 3670357
300 10843524
300 2696916
300 3123768
300 14487085
300 742126
300 1308592
300 922104
300 2092991
300 4204836
300 2770101
300 508156
300 915059
300 13773836
300 6546872
300 4272470
300 6384788
300 4834666
300 2460132
300 1249532
300 2560319
300 761722
300 5944965
300 4234388
300 8314536
300 3864233
300 9606171
300 5458445
300 3941601
300 757628
300 4531390
300 1035675
300 5650471
300 7275203
300 317006
300 1786746
300 485449
300 4069041
300 2214155
300 5658365
300 3448152
300 3601129
300 3228792
300 3186729
300 1658718
300 2520435
300 53784
300 726006
300 378235
300 4405443
300 867803
300 2169114
300 14828635
300 1411483
300 5522303
300 8639697
300 12119531
300 5609911
300 60303
300 15622475
300 7530316
300 9075108
300 4036750
300 3833983
300 4441062
300 1922409
300 466878
300 2705304
300 274920
300 634929
300 7414802
300 7502655
300 4147999
300 8269031
300 595765
300 4231254
300 2960846
300 2293838
300 7480046
300 9183800
300 876851
300 6363914
300 12684790
300 4981086
300 2623508
300 3442238
300 2378392
300 3055820
300 2618752
300 164748
300 4279066
300 7234502
300 3765604
300 8279618
300 9228736
300 4374532
300 4124012
300 5797202
300 11492294
300 3041386
300 6119325
300 6893837
300 11261721
300 1858628
300 352579
300 1821028
300 867072
300 319624
300 254908
300 4593250
300 2539421
300 4064246
300 3520777
300 1046735
300 2632647
300 6614709
300 76800
300 2228763
300 6944063
300 4525292
300 61658
300 3072937
300 1305284
300 208541
300 1634348
300 1272651
300 6358344
300 928963
300 1842298
300 1932196
300 2668223
300 12315758
300 3564206
300 356960
300 345786
300 363483
300 5278875
300 1596208
300 2484629
300 1168081
300 3759614
300 2141031
300 2663538
300 458709
300 4076451
300 677568
300 4108291
300 7859637
300 435192
300 2112001
300 9935837
300 9604834
300 3822653
300 528949
300 6429453
300 1136790
300 371136
300 6407013
300 8974040
300 6195782
300 1475565
300 3927483
300 1327947
300 2940627
300 1584665
300 2687706
300 1110124
300 1602796
300 1531010
300 149194
300 4830260
300 2703648
300 3017636
300 6299330
300 895080
300 17041972
300 5147235
300 314135
300 671479
300 1374150
300 2438177
300 1085078
300 1990084
300 1505549
300 3289104
300 786073
300 905390
300 2518583
300 7031371
300 1594182
300 111169
300 4534127
300 10733023
300 3006821
300 1787945
300 9488085
300 6243939
300 1666107
300 534103
300 1525319
300 827370
300 4981236
300 94073
300 1184145
300 329402
300 4334479
300 11090010
300 1706693
300 439434
300 319066
300 6080070
300 677237
300 21140654
300 347594
300 793114
300 2788776
300 2909998
300 1104347
300 4311055
300 7533005
300 4857183
300 268214
300 8035752
300 2250681
300 3652872
300 1192404
300 863486
300 3258191
300 4439010
300 9998395
300 2853785
300 1290382
300 1191341
300 368369
300 1102547
300 990068
300 784402
300 1740252
300 2860792
300 497073
300 13890729
300 2673376
300 2333943
300 386584
300 3400251
300 1932924
300 1161958
300 1520902
300 5904579
300 2012980
300 3486662
300 3174401
300 7048680
300 2841179
300 939857
300 1937771
300 298376
300 2359755
300 1719409
300 1384157
300 7673216
300 1113762
300 84546
300 2571743
300 10162722
300 4886976
300 1951123
300 3064651
300 1747555
300 1533442
300 1686275
300 113665
300 584316
300 1327359
300 14420775
300 1612710
300 727676
300 2098582
300 2815778
300 792987
300 1633362
300 6474196
300 6897808
300 6725202
300 1308154
300 42318
300 184322
300 10058122
300 6978399
300 79906
300 4034564
300 2774765
300 3087448
300 648011
300 8055852
300 4494561
300 1993737
300 1072303
300 5577183
300 1500488
300 745418
300 7978448
300 3340610
300 1554668
300 4627603
300 5765940
300 6727399
300 16895480
300 12419510
300 9167017
300 619620
300 864616
300 3686497
300 3672332
300 3685989
300 2220511
300 4650123
300 6395627
300 5492186
300 1694882
300 521992
300 79000
300 10981470
300 2492143
300 1127034
300 678298
300 17879215
300 2607888
300 488232
300 4276857
300 2678304
300 6809573
300 6432144
300 1389338
300 6220339
300 746808
300 549402
300 3066976
300 1028367
300 4359526
300 1308478
300 3180711
300 211114
300 1037249
300 2399547
300 4064645
300 1183682
300 2177514
300 343282
300 4085135
300 6456399
300 2564316
300 1176660
300 2283740
300 1376057
300 1703179
300 223155
300 142546
300 1474812
300 303270
300 327914
300 7943196
300 680649
300 8508748
300 1840385
300 52737
300 5355264
300 375947
300 642167
300 11066445
300 322111
300 10129163
300 815271
300 3491018
300 12078228
300 1523145
300 1330285
300 1205766
300 3613153
300 743110
300 129463
300 3621350
300 4089004
300 1517480
300 6711552
300 2283527
300 3907933
300 7281082
300 524906
300 3384597
300 1747055
300 72226
300 6635231
300 1164921
300 3553351
300 386510
300 2462189
300 3483297
300 4477070
300 1889762
300 4417879
300 9999931
300 17192111
300 20707214
300 3616605
300 216033
300 2094462
300 301012
300 6306794
300 13272125
300 1771858
300 2279290
300 4115863
300 627198
300 2358333
300 1782862
300 1936556
300 3103448
300 88716
300 15537992
300 6590742
300 3888782
300 5211459
300 2202931
300 3237949
300 1521300
300 5557579
300 868647
300 49578
300 644275
300 608129
300 331431
300 6306527
300 4519627
300 10610949
300 299931
300 4500228
300 7146404
300 2155695
300 3292680
300 237172
300 527547
300 6104840
300 922785
300 5892152
300 11846029
300 3784945
300 10610913
300 2978718
300 6548899
300 15198983
300 11728705
300 10020305
300 5445399
300 5402254
300 6760936
300 8405058
300 15737052
300 3711580
300 25062617
300 3785257
300 673972
300 4035625
300 1207038
300 8056141
300 2494567
300 2229597
300 2970312
300 5937007
300 5682236
300 1988459
300 8858847
300 4194949
300 1580474
300 3300275
300 495028
300 1486388
300 4755611
300 384963
300 3573145
300 8652994
300 1496593
300 454990
300 223362
300 3760561
300 7120192
300 13059710
300 1080937
300 4541013
300 3485783
300 6185942
300 3553469
300 16265
300 10417981
300 2385414
300 5418925
300 12476612
300 1369922
300 5947238
300 7764794
300 1991596
300 2562696
300 36603317
300 3281582
300 1124777
300 1778014
300 183832
300 4370158
300 649267
300 9685684
300 1043274
300 13311003
300 3375099
300 5650421
300 2478253
300 6656996
300 16469345
300 467099
300 1481613
300 5394021
300 3429974
300 1811741
300 98001
300 6964583
300 1276922
300 22608384
300 742138
300 737203
300 2725860
300 20794057
300 2924500
300 2106814
300 11082519
300 5981500
300 1092576
300 309561
300 5040407
300 5458238
300 4037742
300 933700
300 428904
300 10632476
300 2052837
300 6031529
300 6171127
300 6009511
300 5887540
300 426292
300 4792634
300 14959431
300 7937735
300 7212922
300 5142266
300 1527788
300 4793462
300 5753558
300 3483257
300 1116890
300 1191045
300 1007774
300 7809272
300 1516740
300 11611461
300 695919
300 9541525
300 1063402
300 7036369
300 7062325
300 2648448
300 815379
300 2427814
300 3656353
300 2867583
300 3631161
300 1170420
300 1638973
300 4441149
300 5547435
300 6617221
300 181598
300 4447486
300 5714012
300 935305
300 321464
300 7219317
300 122082
300 2076690
300 3537555
300 1853366
300 4546392
300 295759
300 1297332
300 3076118
300 6201645
300 5337918
300 1285258
300 2205452
300 291241
300 5370372
300 2917196
300 2545094
300 573572
300 5741775
300 2756092
300 2710229
300 5196111
300 2930188
300 9959647
300 189547
300 952789
300 18035873
300 6554165
300 3046842
300 4384481
300 6884763
300 6077388
300 3815972
300 5014854
300 3113641
300 265475
300 1035312
300 4365320
300 2868469
300 15788170
300 6115614
300 446626
300 749478
300 3492193
300 23640562
300 12278097
300 4267402
300 3040200
300 9060312
300 1617393
300 641835
300 210125
300 1459501
300 9311595
300 9980389
300 3288946
300 2234113
300 1635582
300 2730145
300 6123780
300 182900
300 1159638
300 375037
300 1569500
300 13130635
300 195330
300 7202
300 3860360
300 354695
300 169966
300 3404035
300 435804
300 3729601
300 4939290
300 10295919
300 8852511
300 116971
300 564668
300 2630111
300 3436907
300 2958910
300 5420446
300 18346871
300 2482584
300 112688
300 4379572
300 12081923
300 6992271
300 218779
300 6107963
300 170805
300 1342018
300 4188514
300 13735754
300 2598327
300 3518991
300 17457100
300 1068694
300 15611928
300 396876
300 4232666
300 175837
300 2146175
300 5682244
300 2240388
300 298009
300 6212668
300 1837757
300 57453
300 2042997
300 93501
300 1102942
300 1278942
300 6988362
300 4294531
300 3112219
300 45855
300 108227
300 1775327
300 5974695
300 4649560
300 2862734
300 4705499
300 1019243
300 6240076
300 1243960
300 3197002
300 3996497
300 83440
300 4678245
300 1240235
300 598282
300 4070122
300 3683397
300 2973733
300 6857540
300 1697379
300 1549002
300 3142054
300 9996925
300 9199869
300 318499
300 1825035
300 9937611
300 6064856
300 1560307
300 318731
300 4224011
300 1096022
300 2923433
300 5255264
300 11545410
300 7906878
300 4100473
300 4149453
300 3738543
300 5254590
300 1000423
300 11172630
300 6821885
300 32384
300 702749
300 3173487
300 1580189
300 827759
300 4944205
300 43881
300 9462701
300 5378427
300 2330797
300 2003592
300 905171
300 2754125
300 1325988
300 3694735
300 3825614
300 2074461
300 425871
300 114414
300 4475660
300 3642636
300 3590622
