10 9 0
10 9 0
10 9 0
10 9 0
10 9 0
10 9 0
10 9 0
10 9 0
10 9 0
10 9 0
10 9 0
10 9 0
10 9 0
10 9 0
10 9 0
10 9 0
10 9 0
10 9 0
10 9 0
10 9 0
10 9 0
10 9 0
10 9 0
10 9 0
10 9 0
10 9 0
10 9 0
10 9 0
10 9 0
10 9 0
10 9 0
10 9 0
10 9 0
10 9 0
10 9 0
10 9 0
10 9 0
10 9 0
10 9 0
10 9 0
10 9 0
10 9 0
10 9 0
10 9 0
10 9 0
10 9 0
10 9 0
10 9 0
10 9 0
10 9 0
10 9 0
10 9 0
10 9 0
10 9 0
10 9 0
10 9 0
10 9 0
10 9 0
10 9 0
10 9 0
10 9 0
10 9 0
10 9 0
10 9 0
10 9 0
10 9 0
10 9 0
10 9 0
10 9 0
10 9 0
10 9 0
10 9 0
10 9 0
10 9 0
10 9 0
10 9 0
10 9 0
10 9 0
10 9 0
10 9 0
10 9 0
10 9 0
10 9 0
10 9 0
10 9 0
10 9 0
10 9 0
10 9 0
10 9 0
10 9 0
10 9 0
10 9 0
10 9 0
10 9 0
10 9 0
10 9 0
10 9 0
10 9 0
10 9 0
10 9 0
20 36 5
20 36 4
20 51 28
20 53 3
20 51 30
20 36 15
20 36 9
20 36 4
20 36 8
20 36 16
20 36 15
20 36 9
20 51 31
20 36 9
20 36 13
20 36 9
20 36 13
20 36 3
20 36 16
20 36 2
20 52 18
20 36 6
20 36 6
20 53 32
20 36 15
20 36 17
20 36 16
20 36 10
20 36 9
20 36 17
20 51 5
20 53 35
20 36 16
20 53 8
20 53 26
20 36 4
20 36 14
20 53 30
20 36 7
20 36 8
20 36 9
20 36 16
20 36 14
20 36 8
20 36 2
20 36 16
20 36 17
20 36 4
20 36 2
20 36 17
20 36 12
20 36 10
20 36 8
20 51 32
20 36 12
20 36 13
20 36 13
20 53 26
20 36 15
20 36 10
20 36 6
20 51 4
20 51 14
20 36 11
20 36 17
20 36 6
20 36 11
20 36 12
20 69 49
20 36 13
20 53 10
20 36 8
20 36 10
20 53 26
20 36 14
20 51 22
20 53 25
20 36 3
20 36 13
20 53 35
20 36 11
20 36 9
20 36 11
20 36 14
20 36 13
20 36 13
20 36 4
20 36 17
20 36 7
20 36 6
20 53 17
20 51 3
20 36 9
20 36 5
20 36 16
20 36 16
20 36 12
20 69 21
20 36 3
20 36 16
30 77 32
30 56 15
30 126 48
30 56 12
30 74 19
30 71 26
30 114 62
30 94 24
30 76 34
30 92 26
30 56 14
30 73 32
30 74 12
30 97 32
30 56 12
30 111 34
30 71 25
30 72 18
30 79 36
30 73 36
30 56 15
30 76 22
30 56 13
30 96 11
30 90 21
30 72 24
30 75 34
30 110 17
30 79 36
30 93 11
30 76 22
30 72 31
30 123 10
30 71 22
30 92 33
30 56 16
30 76 15
30 73 29
30 92 28
30 76 19
30 71 15
30 74 31
30 74 32
30 91 30
30 71 29
30 56 13
30 71 27
30 56 12
30 56 16
30 56 13
30 76 40
30 71 22
30 73 18
30 71 23
30 99 17
30 80 19
30 75 37
30 72 11
30 88 37
30 75 15
30 72 25
30 115 46
30 88 39
30 56 12
30 109 23
30 72 28
30 71 30
30 94 35
30 75 38
30 75 20
30 74 12
30 94 59
30 80 15
30 56 12
30 56 16
30 78 32
30 56 16
30 56 17
30 94 60
30 96 23
30 77 12
30 76 40
30 117 11
30 56 12
30 83 45
30 117 47
30 109 44
30 72 20
30 75 39
30 72 19
30 96 44
30 96 19
30 56 16
30 75 19
30 95 14
30 75 35
30 73 25
30 56 14
30 113 52
30 112 42
40 125 39
40 143 61
40 134 53
40 123 40
40 123 62
40 127 27
40 131 74
40 103 24
40 96 39
40 123 34
40 142 49
40 98 39
40 147 30
40 176 71
40 146 95
40 151 49
40 119 59
40 127 32
40 113 35
40 125 38
40 121 31
40 177 70
40 104 25
40 96 32
40 124 38
40 117 55
40 109 48
40 117 46
40 128 57
40 139 58
40 160 108
40 126 20
40 124 67
40 190 99
40 109 37
40 109 51
40 117 28
40 139 85
40 134 50
40 113 59
40 109 35
40 146 31
40 138 80
40 129 44
40 103 45
40 113 38
40 109 30
40 119 55
40 162 100
40 112 37
40 124 42
40 116 21
40 97 31
40 121 32
40 159 27
40 128 20
40 170 71
40 119 53
40 137 58
40 109 33
40 112 43
40 118 52
40 130 49
40 171 73
40 100 22
40 158 106
40 127 51
40 109 26
40 153 75
40 136 49
40 125 47
40 115 40
40 191 113
40 114 48
40 127 21
40 177 90
40 104 21
40 121 29
40 136 26
40 160 58
40 132 70
40 152 53
40 97 36
40 124 59
40 97 35
40 140 20
40 158 81
40 177 61
40 150 75
40 131 60
40 127 61
40 141 55
40 116 48
40 141 56
40 97 28
40 124 65
40 162 82
40 124 51
40 111 36
40 109 30
50 140 51
50 167 68
50 207 129
50 174 83
50 186 47
50 308 135
50 141 30
50 145 33
50 149 38
50 178 82
50 207 68
50 219 71
50 212 53
50 139 45
50 155 72
50 204 109
50 171 98
50 158 82
50 193 75
50 233 114
50 197 43
50 230 86
50 126 33
50 185 88
50 148 31
50 220 74
50 148 51
50 154 71
50 214 51
50 139 50
50 160 84
50 166 61
50 177 71
50 139 56
50 125 46
50 175 87
50 208 51
50 263 153
50 215 85
50 170 66
50 200 58
50 139 60
50 196 95
50 158 55
50 143 63
50 250 127
50 162 72
50 184 33
50 231 130
50 176 53
50 193 107
50 161 72
50 165 56
50 152 73
50 151 35
50 192 84
50 185 81
50 144 43
50 273 112
50 146 31
50 182 57
50 171 56
50 175 71
50 157 67
50 182 84
50 154 67
50 172 80
50 139 57
50 176 73
50 283 66
50 187 72
50 211 74
50 176 64
50 270 195
50 188 58
50 142 58
50 276 100
50 139 50
50 172 42
50 239 76
50 193 71
50 144 55
50 155 71
50 188 46
50 171 63
50 247 38
50 144 47
50 172 65
50 197 91
50 158 67
50 166 54
50 269 149
50 206 42
50 230 122
50 189 110
50 192 51
50 186 79
50 141 56
50 303 121
50 148 34
60 355 218
60 298 133
60 278 122
60 223 98
60 233 67
60 242 116
60 211 104
60 372 104
60 249 110
60 210 68
60 275 153
60 230 103
60 187 64
60 189 66
60 227 93
60 230 38
60 211 83
60 242 92
60 177 51
60 239 109
60 235 104
60 286 81
60 185 90
60 192 89
60 284 116
60 247 90
60 190 49
60 198 55
60 187 71
60 298 145
60 278 118
60 232 61
60 212 60
60 231 110
60 226 74
60 252 136
60 255 81
60 209 64
60 285 133
60 338 162
60 218 111
60 305 83
60 280 92
60 232 61
60 221 121
60 226 50
60 213 88
60 244 88
60 307 118
60 240 131
60 209 69
60 275 126
60 236 93
60 234 101
60 329 142
60 237 102
60 305 112
60 268 174
60 192 56
60 296 84
60 225 89
60 225 95
60 322 135
60 221 64
60 216 55
60 212 85
60 264 136
60 215 100
60 284 98
60 192 78
60 239 115
60 307 114
60 237 87
60 316 103
60 227 112
60 238 79
60 213 121
60 316 109
60 236 90
60 201 96
60 284 74
60 241 66
60 316 120
60 226 108
60 288 182
60 329 107
60 222 87
60 185 60
60 256 136
60 236 75
60 294 73
60 233 138
60 199 52
60 256 137
60 355 160
60 267 125
60 245 151
60 213 39
60 220 113
60 324 151
70 292 127
70 282 113
70 381 107
70 266 67
70 289 142
70 301 79
70 308 140
70 276 124
70 328 134
70 261 91
70 257 96
70 459 234
70 265 68
70 335 91
70 244 82
70 277 156
70 256 84
70 334 69
70 305 160
70 246 90
70 280 90
70 274 93
70 289 56
70 301 127
70 259 101
70 243 78
70 312 158
70 249 82
70 378 112
70 303 100
70 256 104
70 257 121
70 261 71
70 349 160
70 247 62
70 306 84
70 238 89
70 357 166
70 324 103
70 302 83
70 275 136
70 357 157
70 285 143
70 258 109
70 402 129
70 286 105
70 370 101
70 378 143
70 363 138
70 368 148
70 250 81
70 282 143
70 338 117
70 278 84
70 307 68
70 297 111
70 268 74
70 247 108
70 349 156
70 247 78
70 326 86
70 293 109
70 265 64
70 421 295
70 294 76
70 331 193
70 223 79
70 259 78
70 457 132
70 301 138
70 323 169
70 402 166
70 317 153
70 278 117
70 415 206
70 316 132
70 380 188
70 372 219
70 378 169
70 323 92
70 312 86
70 276 80
70 323 140
70 305 155
70 279 159
70 315 169
70 237 68
70 250 85
70 321 143
70 246 118
70 268 106
70 355 111
70 265 129
70 245 100
70 261 92
70 275 87
70 305 128
70 287 75
70 315 77
70 289 92
80 305 114
80 385 162
80 299 120
80 335 133
80 378 131
80 398 217
80 280 119
80 398 184
80 336 116
80 403 144
80 416 196
80 371 175
80 429 169
80 327 144
80 383 200
80 366 168
80 440 228
80 295 153
80 319 115
80 450 187
80 353 179
80 395 216
80 325 134
80 388 102
80 344 119
80 395 211
80 279 122
80 435 120
80 342 160
80 321 108
80 372 96
80 409 131
80 396 169
80 356 206
80 336 181
80 344 143
80 348 117
80 348 170
80 435 219
80 323 121
80 556 108
80 296 125
80 335 111
80 345 155
80 408 221
80 337 94
80 334 143
80 308 110
80 370 156
80 297 112
80 339 148
80 495 366
80 449 162
80 417 184
80 319 107
80 306 116
80 403 208
80 340 72
80 278 135
80 381 199
80 353 137
80 378 216
80 430 196
80 337 144
80 380 108
80 304 104
80 336 148
80 347 168
80 465 102
80 316 123
80 391 132
80 317 125
80 260 92
80 332 119
80 437 239
80 287 108
80 321 98
80 312 135
80 364 89
80 492 300
80 415 179
80 369 171
80 488 257
80 366 187
80 329 162
80 379 147
80 347 156
80 366 159
80 572 410
80 499 252
80 444 162
80 364 196
80 399 184
80 367 179
80 308 116
80 463 184
80 297 156
80 382 140
80 387 128
80 306 110
90 374 142
90 451 160
90 386 148
90 397 175
90 387 156
90 418 159
90 341 139
90 478 162
90 395 128
90 486 273
90 523 295
90 382 167
90 410 189
90 438 179
90 468 186
90 429 114
90 331 113
90 401 119
90 416 136
90 390 138
90 411 179
90 521 260
90 407 172
90 385 133
90 434 221
90 462 242
90 425 182
90 471 214
90 410 217
90 368 155
90 392 159
90 466 238
90 362 177
90 429 186
90 351 141
90 381 162
90 381 199
90 406 178
90 406 189
90 435 201
90 431 202
90 467 71
90 394 147
90 565 296
90 356 137
90 407 152
90 449 177
90 380 124
90 411 129
90 398 101
90 458 249
90 333 163
90 475 247
90 399 156
90 377 157
90 457 130
90 444 217
90 389 164
90 364 185
90 362 158
90 416 127
90 367 149
90 473 220
90 481 182
90 317 134
90 360 133
90 516 158
90 363 184
90 441 117
90 613 261
90 345 131
90 452 281
90 394 142
90 435 91
90 405 167
90 410 91
90 471 226
90 707 498
90 321 114
90 486 292
90 538 237
90 347 170
90 522 127
90 348 102
90 394 165
90 404 126
90 438 177
90 403 120
90 425 95
90 582 96
90 425 200
90 397 210
90 364 155
90 462 121
90 422 215
90 426 159
90 448 215
90 423 151
90 395 166
90 424 160
100 515 185
100 592 326
100 476 206
100 518 284
100 497 206
100 486 185
100 537 284
100 529 285
100 713 414
100 481 258
100 469 161
100 481 235
100 504 198
100 482 229
100 517 196
100 408 188
100 433 186
100 556 288
100 544 266
100 517 212
100 398 104
100 464 238
100 406 161
100 590 156
100 592 221
100 705 351
100 453 194
100 447 196
100 648 419
100 421 170
100 484 274
100 407 138
100 504 262
100 469 255
100 627 125
100 464 202
100 494 197
100 554 300
100 555 256
100 431 184
100 523 205
100 422 132
100 523 277
100 488 224
100 454 246
100 550 151
100 477 206
100 394 190
100 514 288
100 466 148
100 510 193
100 413 127
100 590 209
100 437 204
100 506 331
100 513 189
100 446 204
100 426 145
100 552 141
100 433 146
100 605 310
100 452 145
100 395 142
100 461 129
100 495 179
100 547 248
100 527 323
100 496 232
100 451 198
100 521 209
100 445 143
100 479 147
100 436 235
100 577 313
100 458 169
100 507 291
100 401 166
100 528 209
100 421 197
100 472 274
100 416 114
100 484 137
100 490 254
100 670 192
100 439 199
100 419 199
100 445 181
100 433 218
100 627 289
100 458 205
100 431 172
100 578 194
100 487 276
100 425 168
100 571 208
100 414 158
100 473 166
100 519 136
100 522 233
100 556 249
110 635 210
110 709 393
110 573 169
110 522 259
110 551 277
110 488 215
110 493 231
110 550 230
110 557 286
110 550 158
110 579 206
110 688 207
110 571 218
110 614 294
110 484 214
110 596 360
110 563 206
110 565 209
110 518 252
110 654 173
110 584 162
110 451 154
110 606 228
110 521 180
110 568 124
110 566 242
110 588 318
110 613 289
110 531 292
110 532 256
110 704 236
110 495 224
110 558 247
110 599 262
110 557 181
110 575 190
110 560 218
110 591 212
110 543 209
110 609 168
110 546 244
110 525 239
110 433 180
110 561 228
110 777 464
110 542 129
110 588 269
110 475 244
110 515 260
110 565 246
110 791 378
110 596 324
110 541 274
110 560 243
110 617 230
110 647 183
110 689 130
110 585 321
110 656 295
110 474 207
110 660 253
110 586 233
110 654 282
110 557 285
110 506 238
110 676 223
110 552 273
110 579 266
110 598 241
110 579 325
110 547 245
110 506 209
110 437 152
110 474 192
110 601 235
110 544 172
110 495 264
110 564 155
110 627 314
110 552 256
110 564 200
110 481 173
110 496 257
110 544 210
110 647 308
110 606 154
110 525 263
110 629 283
110 486 195
110 493 219
110 649 347
110 606 354
110 551 215
110 545 292
110 515 208
110 484 188
110 520 188
110 534 228
110 462 181
110 534 202
120 583 234
120 719 227
120 583 249
120 740 318
120 508 202
120 584 261
120 700 419
120 686 212
120 600 235
120 668 234
120 577 251
120 641 150
120 689 251
120 724 220
120 665 257
120 641 247
120 548 284
120 624 221
120 656 256
120 701 230
120 564 243
120 569 246
120 612 291
120 659 315
120 576 231
120 644 309
120 579 269
120 575 248
120 593 221
120 612 235
120 640 301
120 609 299
120 670 336
120 626 258
120 523 213
120 522 193
120 578 168
120 565 182
120 568 285
120 808 436
120 603 192
120 660 232
120 757 327
120 797 353
120 666 246
120 757 276
120 598 243
120 660 306
120 690 364
120 542 238
120 694 236
120 635 276
120 495 178
120 644 219
120 584 313
120 511 217
120 618 283
120 650 251
120 615 211
120 684 175
120 609 264
120 587 282
120 696 259
120 673 169
120 651 367
120 734 345
120 541 240
120 738 277
120 555 246
120 681 266
120 626 298
120 661 176
120 599 270
120 724 196
120 583 256
120 599 299
120 607 242
120 720 256
120 675 233
120 606 269
120 544 173
120 611 236
120 630 362
120 605 211
120 635 257
120 711 275
120 557 177
120 694 273
120 629 254
120 768 300
120 531 229
120 609 230
120 640 297
120 573 266
120 610 217
120 802 369
120 533 233
120 677 272
120 534 157
120 682 280
130 662 252
130 783 309
130 689 255
130 695 395
130 767 319
130 687 194
130 692 217
130 713 333
130 740 276
130 730 343
130 709 209
130 639 191
130 668 353
130 765 194
130 899 440
130 605 228
130 751 396
130 583 263
130 693 336
130 784 380
130 640 247
130 675 333
130 579 224
130 707 248
130 685 224
130 685 314
130 793 367
130 668 270
130 722 396
130 840 295
130 681 310
130 720 213
130 603 325
130 788 289
130 664 288
130 778 439
130 628 281
130 634 339
130 656 366
130 771 181
130 682 323
130 586 298
130 605 192
130 714 452
130 863 279
130 745 322
130 645 256
130 680 196
130 710 335
130 872 437
130 575 181
130 657 240
130 669 206
130 837 421
130 643 194
130 793 201
130 601 247
130 680 316
130 646 296
130 673 291
130 865 496
130 645 315
130 724 401
130 801 415
130 589 248
130 791 220
130 724 421
130 633 291
130 729 349
130 881 518
130 585 179
130 808 399
130 691 315
130 690 206
130 714 326
130 704 293
130 659 348
130 765 352
130 669 237
130 708 245
130 678 226
130 643 232
130 815 504
130 719 270
130 759 323
130 700 224
130 651 285
130 638 275
130 743 383
130 802 413
130 770 443
130 686 386
130 890 429
130 717 340
130 711 427
130 678 273
130 638 280
130 718 349
130 728 379
130 765 345
140 673 314
140 855 289
140 779 372
140 864 231
140 738 256
140 763 303
140 803 306
140 747 168
140 732 408
140 810 311
140 737 430
140 828 361
140 807 342
140 702 234
140 772 326
140 822 297
140 785 325
140 630 217
140 891 504
140 724 254
140 932 281
140 884 529
140 768 408
140 741 249
140 766 247
140 843 205
140 806 273
140 787 337
140 742 367
140 668 259
140 781 229
140 763 442
140 706 417
140 795 219
140 797 471
140 725 361
140 715 216
140 838 336
140 857 444
140 712 309
140 806 238
140 858 452
140 993 428
140 801 344
140 638 295
140 875 535
140 682 299
140 735 228
140 925 553
140 887 334
140 736 436
140 655 285
140 847 326
140 967 441
140 911 424
140 685 279
140 858 349
140 793 358
140 772 390
140 924 343
140 716 282
140 814 382
140 752 364
140 823 381
140 738 287
140 829 251
140 772 350
140 886 528
140 788 350
140 733 296
140 733 263
140 703 298
140 849 344
140 957 422
140 895 384
140 623 286
140 841 326
140 925 182
140 767 274
140 666 250
140 1101 277
140 765 190
140 913 376
140 609 218
140 695 309
140 777 404
140 785 329
140 682 297
140 855 366
140 825 246
140 781 320
140 826 315
140 737 328
140 727 395
140 689 304
140 714 297
140 718 266
140 747 358
140 714 399
140 923 547
150 956 309
150 838 496
150 758 344
150 884 366
150 807 294
150 802 301
150 863 365
150 685 287
150 942 363
150 830 389
150 804 313
150 865 344
150 791 340
150 761 340
150 869 423
150 979 511
150 1034 398
150 834 389
150 861 441
150 817 380
150 798 317
150 918 353
150 948 279
150 884 369
150 782 271
150 727 298
150 824 306
150 972 507
150 811 333
150 868 375
150 1122 397
150 866 454
150 930 579
150 804 285
150 772 364
150 865 319
150 880 351
150 921 610
150 807 273
150 936 282
150 707 266
150 892 413
150 836 429
150 756 269
150 764 337
150 865 436
150 798 315
150 824 404
150 855 310
150 908 296
150 822 404
150 826 321
150 951 354
150 812 428
150 876 398
150 833 416
150 813 453
150 948 461
150 770 358
150 1031 416
150 761 281
150 733 307
150 752 372
150 987 473
150 853 381
150 898 338
150 905 507
150 822 296
150 824 395
150 924 289
150 893 306
150 890 333
150 888 501
150 847 447
150 752 342
150 758 273
150 927 442
150 826 326
150 794 426
150 759 339
150 903 340
150 802 429
150 854 456
150 1020 326
150 774 342
150 793 292
150 946 480
150 897 382
150 784 303
150 945 401
150 756 257
150 795 379
150 780 345
150 1126 547
150 1002 576
150 944 480
150 1092 664
150 724 338
150 943 328
150 1018 464
160 1098 605
160 889 373
160 817 422
160 903 440
160 984 485
160 959 513
160 825 313
160 895 430
160 1123 346
160 862 450
160 901 355
160 1041 372
160 931 367
160 985 577
160 1004 405
160 1035 366
160 801 258
160 993 327
160 823 385
160 952 468
160 911 422
160 934 292
160 910 366
160 872 457
160 870 322
160 894 349
160 1124 347
160 829 353
160 855 362
160 1076 339
160 866 511
160 1157 442
160 781 351
160 1047 308
160 965 400
160 916 399
160 1007 542
160 1057 380
160 987 289
160 893 513
160 772 354
160 1017 511
160 1012 389
160 929 534
160 863 276
160 785 273
160 1042 349
160 867 324
160 973 415
160 1179 681
160 926 411
160 823 338
160 816 274
160 772 337
160 992 432
160 890 383
160 1000 352
160 943 356
160 905 441
160 807 337
160 792 349
160 882 355
160 888 318
160 1413 754
160 1111 632
160 886 278
160 899 453
160 899 299
160 878 370
160 873 436
160 941 342
160 895 385
160 953 466
160 990 295
160 851 369
160 917 431
160 928 449
160 829 401
160 917 500
160 881 407
160 1021 314
160 968 333
160 995 440
160 886 344
160 979 439
160 910 386
160 1086 349
160 1182 745
160 993 315
160 973 410
160 807 367
160 865 414
160 823 409
160 839 406
160 910 517
160 1100 373
160 959 529
160 989 439
160 778 274
160 842 344
170 1181 558
170 1049 416
170 1110 655
170 887 368
170 1017 363
170 1085 483
170 988 390
170 864 338
170 1131 579
170 1032 296
170 896 423
170 968 302
170 941 319
170 929 387
170 1088 548
170 1166 542
170 886 407
170 1083 530
170 938 413
170 798 294
170 961 393
170 913 398
170 1134 481
170 1108 551
170 884 337
170 840 303
170 946 340
170 1066 405
170 1037 517
170 1096 409
170 965 430
170 1085 476
170 932 325
170 1150 401
170 1026 453
170 981 329
170 1018 579
170 896 374
170 966 387
170 1279 570
170 885 403
170 1030 507
170 917 321
170 1016 501
170 1196 392
170 979 476
170 951 436
170 1061 427
170 967 472
170 896 314
170 866 429
170 943 382
170 1048 492
170 821 330
170 1132 493
170 1041 383
170 1158 660
170 957 426
170 1059 551
170 1020 398
170 1210 394
170 1027 347
170 1327 509
170 958 423
170 974 439
170 968 437
170 1118 626
170 1020 524
170 1015 548
170 1167 514
170 1094 280
170 887 256
170 889 354
170 1138 440
170 1057 390
170 1076 629
170 1293 666
170 1071 430
170 1127 554
170 1038 571
170 1193 455
170 926 420
170 965 497
170 909 411
170 923 419
170 924 505
170 1004 359
170 958 382
170 1025 442
170 1039 439
170 988 396
170 1071 416
170 983 391
170 990 438
170 1067 394
170 1106 535
170 1054 311
170 928 450
170 1081 569
170 1057 372
180 1443 699
180 908 343
180 1214 647
180 1025 356
180 1174 477
180 957 369
180 936 350
180 993 332
180 894 301
180 1266 614
180 1075 482
180 1088 471
180 1023 438
180 1131 468
180 1035 471
180 956 483
180 963 437
180 1001 417
180 979 387
180 1193 610
180 1114 454
180 1406 836
180 1144 404
180 989 352
180 1084 353
180 988 327
180 956 365
180 1047 390
180 1017 349
180 971 291
180 992 501
180 1087 484
180 1069 422
180 1129 602
180 1019 510
180 1397 706
180 1048 513
180 981 365
180 1141 607
180 1045 465
180 1283 644
180 1126 364
180 1146 404
180 1293 568
180 960 409
180 1062 500
180 1198 484
180 1192 542
180 963 376
180 1128 689
180 1167 541
180 1063 369
180 1358 762
180 1374 593
180 1165 667
180 1096 539
180 929 370
180 1036 473
180 1148 438
180 1169 466
180 1115 578
180 1130 531
180 1118 448
180 1066 336
180 1197 662
180 1142 398
180 1165 604
180 1013 314
180 1021 486
180 1081 518
180 1151 438
180 1120 520
180 1237 487
180 1191 512
180 1288 505
180 1125 601
180 1013 451
180 1085 328
180 1124 504
180 1141 355
180 1278 504
180 1007 398
180 1109 296
180 1223 530
180 1326 655
180 1088 478
180 1020 523
180 1102 502
180 1601 570
180 1082 587
180 1059 456
180 1211 388
180 1085 489
180 1300 769
180 1550 801
180 1307 510
180 975 399
180 971 398
180 919 340
180 1114 554
190 1268 605
190 1205 673
190 1467 802
190 1121 390
190 1336 500
190 1227 463
190 1088 393
190 1123 512
190 1155 476
190 1053 421
190 1060 433
190 1345 668
190 1073 372
190 1164 550
190 1056 478
190 1192 531
190 1314 758
190 1064 465
190 1308 816
190 1128 457
190 1150 449
190 1040 562
190 1110 367
190 1140 486
190 1440 754
190 1477 467
190 1094 416
190 1125 502
190 1487 550
190 1101 605
190 1197 565
190 1139 455
190 983 418
190 1057 501
190 1020 427
190 1188 686
190 1069 508
190 1076 511
190 995 408
190 983 414
190 1185 539
190 1334 525
190 1136 519
190 1321 606
190 1270 539
190 1100 607
190 1332 698
190 1161 519
190 1286 551
190 1125 518
190 1284 507
190 1167 520
190 1310 451
190 1088 519
190 1044 328
190 1033 398
190 1217 553
190 1164 497
190 1037 426
190 1019 489
190 1115 593
190 1206 570
190 1062 449
190 1098 576
190 1119 401
190 1254 608
190 1183 445
190 1197 498
190 1392 496
190 1077 404
190 1268 664
190 1128 551
190 1213 660
190 1349 843
190 985 342
190 1095 401
190 1206 460
190 1095 494
190 1101 561
190 1099 468
190 1047 564
190 1482 526
190 1209 496
190 1164 447
190 1176 414
190 1144 309
190 1415 675
190 1086 396
190 1194 377
190 1212 518
190 1109 409
190 954 380
190 1105 364
190 1137 401
190 995 410
190 986 392
190 1095 472
190 1157 489
190 1325 643
190 989 468
200 1175 500
200 1148 486
200 1269 719
200 1405 565
200 1173 481
200 1298 498
200 1399 545
200 1277 745
200 1130 415
200 1241 440
200 1321 432
200 1188 438
200 1000 422
200 1059 472
200 1262 577
200 1242 518
200 1014 385
200 1145 497
200 1174 515
200 1327 438
200 1270 465
200 1156 572
200 1123 400
200 1801 1022
200 1266 394
200 1311 526
200 1238 427
200 1297 546
200 1247 613
200 1311 677
200 1088 394
200 1218 573
200 1096 487
200 1376 739
200 1285 573
200 1140 340
200 1446 732
200 1238 592
200 1258 538
200 1272 781
200 1073 501
200 1175 528
200 1467 591
200 1331 511
200 1284 429
200 1402 661
200 1244 503
200 1183 520
200 1399 829
200 1621 666
200 1186 618
200 1207 495
200 1374 740
200 1316 679
200 1405 824
200 1242 526
200 1238 596
200 1118 432
200 1202 582
200 1398 512
200 1298 546
200 1201 639
200 1431 746
200 1202 550
200 1184 592
200 1054 358
200 1065 460
200 1227 589
200 1255 479
200 1088 517
200 1237 442
200 1367 443
200 1223 491
200 1220 542
200 1502 742
200 1318 709
200 1169 526
200 1397 631
200 1215 338
200 1513 730
200 1305 663
200 1229 452
200 1183 491
200 1322 620
200 1166 388
200 1133 475
200 1415 655
200 1317 480
200 1086 527
200 1204 475
200 1595 507
200 1492 970
200 1238 614
200 1257 657
200 1077 494
200 1363 535
200 1277 494
200 1404 694
200 1041 367
200 1184 448
