10 31 24
10 22 16
10 20 13
10 30 22
10 34 27
10 28 23
10 29 21
10 39 35
10 34 26
10 38 32
10 29 21
10 32 24
10 32 26
10 24 18
10 34 27
10 34 29
10 30 21
10 34 28
10 34 27
10 31 25
10 37 31
10 31 28
10 35 27
10 38 31
10 33 27
10 33 25
10 34 28
10 30 22
10 35 28
10 27 21
10 39 33
10 20 13
10 34 28
10 32 25
10 32 23
10 27 18
10 31 23
10 28 21
10 26 17
10 36 30
10 32 25
10 27 20
10 29 22
10 19 11
10 26 19
10 32 25
10 32 26
10 29 22
10 24 17
10 25 18
10 22 16
10 25 20
10 18 10
10 36 29
10 26 19
10 32 25
10 14 6
10 31 24
10 27 18
10 36 29
10 23 15
10 34 27
10 27 19
10 32 25
10 29 23
10 36 30
10 37 31
10 36 28
10 30 22
10 35 28
10 27 20
10 38 31
10 33 24
10 30 24
10 27 19
10 26 18
10 21 12
10 35 29
10 25 20
10 18 11
10 22 14
10 22 13
10 29 24
10 33 29
10 30 24
10 26 19
10 26 17
10 33 26
10 40 34
10 30 23
10 32 26
10 32 25
10 27 20
10 25 18
10 29 22
10 23 14
10 38 30
10 34 28
10 31 26
10 27 19
20 114 99
20 91 76
20 116 98
20 111 93
20 108 93
20 120 104
20 124 109
20 97 81
20 113 97
20 122 106
20 129 112
20 143 131
20 86 70
20 133 118
20 106 88
20 92 74
20 100 86
20 108 92
20 97 80
20 98 80
20 82 65
20 127 110
20 103 85
20 114 99
20 133 117
20 110 92
20 97 79
20 117 101
20 81 66
20 135 120
20 127 113
20 124 107
20 102 86
20 99 83
20 95 76
20 100 83
20 145 130
20 114 97
20 108 91
20 88 73
20 118 102
20 117 101
20 99 81
20 114 98
20 100 83
20 84 67
20 118 102
20 102 84
20 124 108
20 104 87
20 111 94
20 131 113
20 128 113
20 134 118
20 97 80
20 97 81
20 141 126
20 103 86
20 146 130
20 87 68
20 121 105
20 122 108
20 88 71
20 120 104
20 81 63
20 139 123
20 107 90
20 143 125
20 104 86
20 86 68
20 86 69
20 113 97
20 84 70
20 101 84
20 106 87
20 121 102
20 124 111
20 101 84
20 108 92
20 116 99
20 127 111
20 88 73
20 122 108
20 114 97
20 142 127
20 118 103
20 110 94
20 106 92
20 150 135
20 108 91
20 129 116
20 120 104
20 111 97
20 98 83
20 89 71
20 128 114
20 113 96
20 96 81
20 104 85
20 131 113
30 236 209
30 268 241
30 230 204
30 277 252
30 248 225
30 237 209
30 226 203
30 244 218
30 238 212
30 243 215
30 280 254
30 274 250
30 246 220
30 212 187
30 245 218
30 221 196
30 177 150
30 246 218
30 282 255
30 252 227
30 257 231
30 272 246
30 180 152
30 251 225
30 201 174
30 237 210
30 265 242
30 272 248
30 249 223
30 203 176
30 237 212
30 260 234
30 209 183
30 263 239
30 256 232
30 263 239
30 224 197
30 206 179
30 227 201
30 225 198
30 253 229
30 253 227
30 253 230
30 227 200
30 248 222
30 210 182
30 255 228
30 210 184
30 296 272
30 285 261
30 239 212
30 209 184
30 244 216
30 281 256
30 246 217
30 282 260
30 252 225
30 234 210
30 233 208
30 280 256
30 273 247
30 221 193
30 210 184
30 272 247
30 224 198
30 230 204
30 194 167
30 274 250
30 239 213
30 274 250
30 279 251
30 217 192
30 265 241
30 221 195
30 182 154
30 265 237
30 264 239
30 297 271
30 207 179
30 238 213
30 250 226
30 208 180
30 262 235
30 238 210
30 259 231
30 247 222
30 174 147
30 240 212
30 233 205
30 199 172
30 259 232
30 287 262
30 273 249
30 273 247
30 244 218
30 273 249
30 218 193
30 208 180
30 255 228
30 210 181
40 492 455
40 425 391
40 341 303
40 380 343
40 490 452
40 473 439
40 411 376
40 439 405
40 449 416
40 468 430
40 455 420
40 419 384
40 405 368
40 415 377
40 469 434
40 348 312
40 461 427
40 393 357
40 319 283
40 344 305
40 401 364
40 447 413
40 515 481
40 363 327
40 410 374
40 424 388
40 417 382
40 491 454
40 448 414
40 452 417
40 418 382
40 458 420
40 510 474
40 434 398
40 463 428
40 448 414
40 376 338
40 397 365
40 404 369
40 394 357
40 462 427
40 423 386
40 445 409
40 406 368
40 533 497
40 355 320
40 333 297
40 472 436
40 415 377
40 468 432
40 425 389
40 360 326
40 402 366
40 387 352
40 379 344
40 379 344
40 433 398
40 450 413
40 398 362
40 467 433
40 450 413
40 414 377
40 417 378
40 386 351
40 436 399
40 506 470
40 358 320
40 432 397
40 465 431
40 437 400
40 412 375
40 413 377
40 436 402
40 459 422
40 430 396
40 533 499
40 554 518
40 436 400
40 376 341
40 429 392
40 378 342
40 431 396
40 402 365
40 433 396
40 390 354
40 386 349
40 373 338
40 473 436
40 414 376
40 428 394
40 436 403
40 400 365
40 416 380
40 459 423
40 397 360
40 392 356
40 398 362
40 459 426
40 406 373
40 407 373
50 727 681
50 683 638
50 643 599
50 646 601
50 694 649
50 803 758
50 750 704
50 753 709
50 643 594
50 738 690
50 739 693
50 653 606
50 594 551
50 552 504
50 662 618
50 679 633
50 687 641
50 703 656
50 604 560
50 698 653
50 591 546
50 644 601
50 797 753
50 651 606
50 713 669
50 590 547
50 700 654
50 677 631
50 639 593
50 646 599
50 691 648
50 583 536
50 620 575
50 656 613
50 702 658
50 611 566
50 647 600
50 620 575
50 638 592
50 677 632
50 723 675
50 695 646
50 765 719
50 631 584
50 691 648
50 559 514
50 665 618
50 617 570
50 687 638
50 692 648
50 686 642
50 574 528
50 729 684
50 644 601
50 747 702
50 622 579
50 693 651
50 677 630
50 687 640
50 643 596
50 644 599
50 647 600
50 750 706
50 600 555
50 697 653
50 664 618
50 548 502
50 770 725
50 658 615
50 701 659
50 668 620
50 683 638
50 672 629
50 676 629
50 641 597
50 611 568
50 675 631
50 693 647
50 700 652
50 611 567
50 645 598
50 646 600
50 607 561
50 642 594
50 781 737
50 669 623
50 706 660
50 674 629
50 592 549
50 633 590
50 678 632
50 617 572
50 561 514
50 774 730
50 675 630
50 664 618
50 593 548
50 679 636
50 679 636
50 604 558
60 890 835
60 900 847
60 910 853
60 883 829
60 907 849
60 1020 965
60 844 788
60 1006 955
60 949 895
60 873 818
60 940 887
60 889 833
60 1036 984
60 906 853
60 1013 958
60 970 913
60 861 802
60 890 833
60 892 836
60 944 890
60 963 911
60 1017 963
60 1062 1003
60 901 846
60 1069 1015
60 931 876
60 783 727
60 927 875
60 951 895
60 957 904
60 955 899
60 1012 959
60 924 869
60 933 878
60 927 872
60 1184 1129
60 989 934
60 969 914
60 872 816
60 797 739
60 945 887
60 1014 957
60 918 862
60 901 850
60 916 859
60 943 887
60 859 805
60 895 842
60 957 905
60 984 931
60 1005 951
60 824 768
60 910 855
60 994 941
60 909 854
60 1014 959
60 803 748
60 881 826
60 833 776
60 950 896
60 720 661
60 1084 1030
60 898 841
60 1000 943
60 1015 960
60 967 910
60 1007 952
60 893 836
60 1069 1015
60 953 898
60 893 836
60 939 886
60 843 785
60 972 917
60 827 769
60 897 842
60 846 789
60 963 908
60 970 914
60 911 855
60 928 871
60 915 861
60 973 917
60 942 885
60 928 872
60 871 815
60 866 811
60 998 945
60 983 929
60 894 839
60 847 792
60 968 913
60 898 840
60 1003 948
60 968 913
60 824 771
60 932 876
60 899 842
60 939 884
60 957 900
70 1378 1313
70 1305 1241
70 1038 974
70 1323 1259
70 1353 1288
70 1284 1223
70 1224 1161
70 1295 1229
70 1171 1103
70 1464 1400
70 1345 1280
70 1348 1283
70 1213 1147
70 1451 1387
70 1146 1081
70 1288 1224
70 1286 1221
70 1282 1218
70 1410 1346
70 1358 1290
70 1175 1111
70 1404 1338
70 1404 1340
70 1325 1259
70 1234 1169
70 1389 1325
70 1368 1306
70 1275 1208
70 1125 1059
70 1396 1330
70 1169 1104
70 1249 1182
70 1159 1094
70 1178 1111
70 1238 1171
70 1267 1202
70 1259 1198
70 1359 1293
70 1271 1204
70 1275 1210
70 1327 1262
70 1070 1005
70 1205 1138
70 1426 1362
70 1283 1218
70 1363 1297
70 1224 1161
70 1101 1033
70 1273 1207
70 1298 1232
70 1200 1135
70 1325 1259
70 1334 1269
70 1117 1049
70 1226 1163
70 1381 1317
70 1279 1212
70 1174 1109
70 1253 1191
70 1264 1203
70 1325 1260
70 1477 1415
70 1294 1230
70 1076 1013
70 1130 1063
70 1106 1041
70 1450 1385
70 1146 1079
70 1232 1168
70 1375 1309
70 1373 1305
70 1270 1204
70 1180 1113
70 1224 1157
70 1316 1249
70 1225 1160
70 1231 1165
70 1137 1069
70 1443 1377
70 1270 1205
70 1172 1103
70 1308 1245
70 1303 1237
70 1218 1152
70 1361 1295
70 1341 1275
70 1187 1124
70 1072 1007
70 1151 1085
70 1341 1277
70 1383 1318
70 1210 1143
70 1282 1216
70 1173 1107
70 1394 1329
70 1381 1317
70 1210 1148
70 1121 1057
70 1208 1143
70 1191 1124
80 1606 1531
80 1595 1519
80 1564 1489
80 1677 1602
80 1535 1458
80 1875 1803
80 1642 1565
80 1521 1446
80 1599 1524
80 1903 1830
80 1743 1671
80 1646 1573
80 1943 1870
80 1607 1533
80 1807 1731
80 1693 1616
80 1619 1543
80 1640 1562
80 1693 1617
80 1636 1561
80 1586 1509
80 1628 1557
80 1721 1649
80 1730 1655
80 1696 1619
80 1813 1740
80 1850 1775
80 1752 1673
80 1499 1425
80 1564 1489
80 1594 1520
80 1755 1677
80 1656 1578
80 1716 1641
80 1750 1679
80 1759 1687
80 1797 1725
80 1640 1565
80 1834 1762
80 1657 1584
80 1701 1627
80 1627 1556
80 1564 1489
80 1702 1631
80 1804 1729
80 1335 1258
80 1542 1468
80 1584 1510
80 1659 1581
80 1651 1575
80 1701 1626
80 1801 1725
80 1723 1650
80 1533 1459
80 1722 1645
80 1691 1616
80 1639 1565
80 1627 1552
80 1645 1573
80 1506 1432
80 1808 1732
80 1679 1603
80 1627 1552
80 1649 1573
80 1701 1623
80 1517 1443
80 1612 1536
80 1892 1817
80 1560 1486
80 1501 1424
80 1792 1718
80 1940 1864
80 1575 1499
80 1784 1711
80 1457 1380
80 1526 1451
80 1786 1707
80 1708 1634
80 1632 1555
80 1500 1425
80 1894 1820
80 1529 1451
80 1710 1635
80 1684 1609
80 1804 1728
80 1680 1604
80 1769 1694
80 1814 1740
80 1492 1417
80 1624 1548
80 1617 1542
80 1594 1523
80 1678 1601
80 1575 1499
80 1727 1654
80 1610 1535
80 1469 1398
80 1642 1569
80 1670 1597
80 1705 1629
90 2084 1998
90 2036 1949
90 1874 1792
90 2109 2023
90 1960 1874
90 2100 2013
90 1757 1671
90 1941 1855
90 2048 1961
90 2192 2105
90 2009 1927
90 2018 1930
90 1931 1846
90 2039 1956
90 2009 1925
90 1988 1903
90 2096 2012
90 1772 1686
90 1928 1840
90 2090 2005
90 2323 2237
90 1886 1803
90 2044 1959
90 2037 1951
90 1894 1810
90 2340 2256
90 2210 2125
90 2119 2032
90 1865 1780
90 2147 2062
90 1848 1763
90 2086 2006
90 2176 2092
90 2062 1978
90 1937 1854
90 2186 2101
90 2000 1918
90 2161 2075
90 2214 2127
90 2039 1955
90 2338 2255
90 2064 1977
90 1975 1891
90 1886 1802
90 2041 1955
90 2075 1987
90 2069 1986
90 2219 2134
90 1829 1741
90 2035 1951
90 2375 2288
90 2215 2131
90 2141 2061
90 1904 1818
90 2080 1996
90 2050 1965
90 1946 1857
90 2348 2265
90 2281 2193
90 2209 2124
90 2019 1935
90 2179 2095
90 1838 1752
90 2199 2114
90 1892 1805
90 2226 2140
90 2029 1944
90 1780 1695
90 1908 1821
90 2100 2013
90 2074 1989
90 1886 1800
90 1933 1850
90 2141 2055
90 2324 2240
90 2161 2076
90 2009 1923
90 2056 1968
90 2045 1964
90 2212 2125
90 2013 1934
90 1752 1667
90 1943 1858
90 2155 2068
90 1955 1871
90 2174 2091
90 1961 1875
90 2077 1992
90 2091 2005
90 2278 2191
90 1894 1809
90 2179 2094
90 2053 1965
90 2108 2020
90 2375 2291
90 1872 1787
90 2111 2029
90 2313 2231
90 2122 2037
90 2095 2009
100 2438 2343
100 2267 2172
100 2547 2453
100 2536 2439
100 2495 2404
100 2578 2484
100 2588 2491
100 2430 2333
100 2408 2317
100 2671 2578
100 2740 2647
100 2443 2349
100 2352 2259
100 2412 2317
100 2664 2570
100 2664 2570
100 2761 2667
100 2520 2426
100 2818 2727
100 2364 2272
100 2494 2401
100 2482 2389
100 2727 2632
100 2410 2314
100 2364 2271
100 2398 2301
100 2811 2717
100 2838 2743
100 2635 2541
100 2574 2476
100 2726 2630
100 2823 2729
100 2692 2599
100 2147 2051
100 2602 2507
100 2588 2493
100 2691 2597
100 2650 2555
100 2713 2618
100 2711 2613
100 2802 2705
100 2644 2550
100 2457 2363
100 2516 2424
100 2696 2604
100 2549 2455
100 2530 2434
100 2561 2465
100 2319 2223
100 2555 2461
100 2567 2470
100 2537 2444
100 2370 2273
100 2478 2381
100 2382 2287
100 2533 2437
100 2589 2492
100 2828 2734
100 2311 2217
100 2865 2771
100 2602 2508
100 2479 2382
100 2621 2529
100 2501 2408
100 2483 2388
100 2234 2142
100 2715 2621
100 2647 2556
100 2703 2608
100 2402 2307
100 2561 2463
100 2966 2869
100 2267 2172
100 2739 2645
100 2713 2618
100 2609 2516
100 2726 2628
100 2617 2524
100 2688 2594
100 2970 2876
100 2591 2497
100 2717 2621
100 2174 2080
100 2543 2453
100 2577 2486
100 2711 2615
100 2464 2366
100 2471 2378
100 2512 2417
100 2607 2512
100 2396 2302
100 2505 2414
100 3010 2916
100 2628 2533
100 2493 2398
100 2728 2637
100 2767 2669
100 2558 2463
100 2700 2606
100 2825 2733
110 3016 2913
110 2959 2856
110 3033 2925
110 3126 3022
110 2954 2847
110 2863 2759
110 3316 3213
110 3088 2983
110 3193 3087
110 3124 3023
110 3305 3199
110 3261 3153
110 3169 3064
110 2773 2668
110 3320 3214
110 3187 3083
110 2625 2520
110 2876 2772
110 3284 3180
110 3028 2922
110 3116 3011
110 3343 3238
110 3356 3250
110 2543 2437
110 3157 3049
110 2834 2727
110 3279 3174
110 3328 3227
110 2701 2595
110 2999 2894
110 3372 3268
110 3378 3272
110 3178 3071
110 3450 3344
110 3257 3153
110 2930 2823
110 3155 3054
110 2992 2889
110 3439 3332
110 3199 3094
110 3106 3002
110 3221 3120
110 3288 3180
110 3094 2987
110 3383 3277
110 2651 2544
110 3174 3068
110 2790 2686
110 3373 3269
110 2970 2863
110 3390 3290
110 3052 2949
110 3232 3125
110 3499 3398
110 3091 2986
110 3037 2932
110 2989 2886
110 3321 3220
110 3575 3471
110 3287 3184
110 3305 3203
110 2781 2676
110 2758 2653
110 2851 2747
110 3210 3112
110 2728 2622
110 3256 3148
110 3502 3399
110 2911 2806
110 3045 2938
110 2674 2571
110 3038 2932
110 3050 2946
110 3089 2984
110 3220 3118
110 3219 3115
110 2691 2584
110 3193 3087
110 3098 2993
110 3404 3301
110 3182 3077
110 2691 2585
110 3166 3059
110 3016 2910
110 3314 3209
110 3342 3238
110 3059 2958
110 2963 2854
110 2951 2844
110 3014 2907
110 3082 2978
110 3142 3038
110 3156 3052
110 3518 3410
110 3100 2995
110 2988 2882
110 2816 2710
110 3071 2967
110 3190 3082
110 2930 2826
120 3731 3614
120 4113 4000
120 3424 3306
120 3736 3623
120 3720 3606
120 3779 3670
120 3475 3360
120 3676 3562
120 3622 3505
120 3682 3569
120 3968 3852
120 3620 3506
120 3540 3425
120 4050 3935
120 3471 3357
120 3941 3827
120 3348 3230
120 3551 3436
120 3329 3216
120 3775 3661
120 3739 3622
120 3738 3624
120 3793 3678
120 3659 3545
120 3593 3478
120 4104 3990
120 3523 3407
120 4023 3907
120 3646 3531
120 3339 3221
120 3752 3638
120 3502 3391
120 3497 3381
120 3755 3637
120 3503 3386
120 3564 3448
120 3961 3846
120 3634 3523
120 3637 3526
120 3979 3867
120 3457 3340
120 3560 3446
120 3834 3720
120 3502 3387
120 3344 3233
120 3585 3471
120 3623 3509
120 3795 3680
120 3552 3436
120 3684 3567
120 3710 3593
120 3984 3869
120 4070 3955
120 3553 3438
120 3946 3829
120 3797 3685
120 3958 3842
120 3952 3836
120 3361 3248
120 3639 3522
120 3426 3308
120 4065 3954
120 3879 3768
120 3868 3750
120 3895 3780
120 3564 3448
120 3571 3458
120 3763 3649
120 3859 3745
120 3314 3198
120 3549 3437
120 3660 3548
120 3654 3539
120 3601 3483
120 3545 3432
120 3586 3472
120 4204 4095
120 3757 3643
120 3589 3475
120 3774 3658
120 3639 3525
120 3925 3810
120 3646 3532
120 3245 3133
120 3711 3595
120 3399 3280
120 3790 3674
120 3912 3799
120 3728 3609
120 3929 3810
120 4037 3924
120 3225 3110
120 3523 3409
120 3888 3777
120 3790 3675
120 3370 3251
120 3879 3765
120 3673 3556
120 3767 3650
120 3604 3489
130 4787 4665
130 4016 3891
130 4296 4171
130 3669 3544
130 4778 4654
130 4251 4125
130 4371 4248
130 3887 3761
130 4554 4429
130 4374 4249
130 4539 4413
130 4607 4482
130 4214 4092
130 4539 4415
130 4284 4161
130 4147 4023
130 4667 4543
130 4470 4342
130 4516 4391
130 4671 4546
130 4215 4089
130 4241 4117
130 4741 4615
130 4570 4443
130 3740 3616
130 4348 4223
130 4304 4180
130 4572 4445
130 4372 4246
130 4011 3886
130 4227 4103
130 4241 4118
130 4547 4422
130 4236 4111
130 4448 4324
130 3923 3800
130 4472 4347
130 4500 4375
130 4143 4019
130 3838 3713
130 4393 4270
130 4193 4069
130 4321 4195
130 4216 4090
130 4473 4349
130 4357 4233
130 4118 3993
130 4661 4537
130 4351 4228
130 4384 4257
130 4179 4056
130 4469 4344
130 4321 4196
130 4521 4394
130 4465 4337
130 3922 3799
130 4332 4207
130 3941 3816
130 4720 4599
130 4391 4265
130 3955 3832
130 4535 4412
130 4090 3966
130 4030 3903
130 4354 4229
130 4361 4239
130 4264 4139
130 4452 4328
130 4488 4367
130 4334 4206
130 4366 4243
130 4602 4478
130 4360 4235
130 4534 4407
130 4274 4152
130 4237 4111
130 4324 4198
130 4173 4050
130 4565 4441
130 4143 4022
130 4339 4216
130 3997 3870
130 4122 3996
130 4229 4104
130 4808 4684
130 4138 4011
130 4614 4491
130 4212 4089
130 4187 4062
130 4534 4412
130 4366 4242
130 4365 4238
130 4147 4023
130 4845 4723
130 4277 4156
130 4231 4107
130 3743 3618
130 4453 4333
130 4134 4013
130 4521 4396
140 4789 4654
140 5112 4983
140 5452 5317
140 4707 4573
140 5153 5016
140 5169 5035
140 5140 5007
140 4519 4381
140 5429 5291
140 4796 4658
140 5528 5400
140 5049 4917
140 4962 4827
140 4621 4485
140 5423 5288
140 4783 4649
140 4798 4662
140 5166 5032
140 5005 4869
140 5226 5094
140 5159 5026
140 4810 4677
140 5160 5025
140 4876 4744
140 4902 4771
140 4821 4684
140 4852 4714
140 4892 4755
140 4779 4642
140 5536 5401
140 4843 4708
140 5084 4946
140 4921 4783
140 4850 4719
140 4914 4779
140 4764 4628
140 5133 4998
140 4711 4577
140 4773 4639
140 4893 4758
140 4491 4354
140 4637 4500
140 5241 5107
140 5130 4995
140 5052 4915
140 5064 4930
140 5025 4892
140 4382 4249
140 4454 4319
140 5038 4902
140 4855 4717
140 4727 4593
140 5548 5411
140 5231 5095
140 4870 4734
140 4799 4664
140 4701 4568
140 4913 4776
140 5109 4977
140 5130 4994
140 5235 5098
140 4860 4728
140 4715 4583
140 4631 4493
140 5242 5106
140 5160 5025
140 4433 4302
140 4921 4789
140 5067 4931
140 4557 4422
140 5132 4996
140 5292 5162
140 4981 4848
140 4758 4626
140 5070 4937
140 4694 4557
140 4422 4287
140 4986 4853
140 4683 4547
140 5348 5219
140 4963 4831
140 4654 4517
140 4438 4305
140 4903 4768
140 4892 4759
140 4923 4787
140 5453 5317
140 4878 4743
140 4785 4648
140 5151 5014
140 4882 4748
140 5049 4917
140 4834 4702
140 5297 5163
140 4990 4854
140 5244 5112
140 5037 4900
140 4814 4679
140 4728 4591
140 5370 5237
150 5806 5662
150 5781 5637
150 5786 5643
150 5115 4971
150 5780 5635
150 5906 5760
150 5815 5671
150 5538 5396
150 5421 5274
150 5493 5351
150 5569 5427
150 5758 5613
150 5360 5216
150 5932 5790
150 5426 5279
150 6025 5881
150 5832 5686
150 5523 5375
150 6060 5917
150 5843 5700
150 6203 6061
150 5225 5081
150 5661 5516
150 5339 5196
150 6396 6249
150 5857 5715
150 5662 5520
150 5438 5296
150 6208 6063
150 5308 5163
150 5748 5603
150 5438 5293
150 5492 5345
150 5950 5812
150 5613 5468
150 5650 5504
150 5310 5163
150 6079 5936
150 6080 5937
150 5503 5356
150 5555 5412
150 5727 5580
150 5640 5493
150 5889 5745
150 6028 5884
150 5809 5665
150 5501 5357
150 6103 5959
150 5144 4999
150 5788 5641
150 6201 6056
150 5861 5717
150 6008 5863
150 6285 6140
150 5676 5530
150 5695 5552
150 5411 5264
150 6000 5854
150 5332 5187
150 5890 5746
150 5239 5092
150 4955 4809
150 5958 5814
150 5688 5546
150 5487 5344
150 5958 5815
150 5752 5608
150 5612 5468
150 6154 6012
150 5683 5538
150 5719 5574
150 6244 6103
150 5125 4980
150 6406 6264
150 5740 5593
150 5765 5622
150 6206 6062
150 5774 5630
150 5626 5481
150 5901 5759
150 5589 5445
150 5800 5654
150 5635 5488
150 6049 5907
150 5808 5661
150 5575 5430
150 5714 5569
150 5739 5594
150 5225 5080
150 6096 5953
150 5937 5794
150 5879 5733
150 6178 6034
150 5828 5685
150 5660 5515
150 5569 5422
150 6315 6169
150 5933 5791
150 5283 5139
150 5860 5717
160 6352 6199
160 7115 6960
160 6491 6340
160 6487 6334
160 6657 6502
160 6061 5909
160 6830 6677
160 6847 6694
160 6218 6065
160 6475 6321
160 6063 5910
160 6463 6310
160 7173 7018
160 6550 6395
160 6367 6214
160 6608 6453
160 6390 6234
160 6050 5894
160 6441 6285
160 6404 6248
160 6596 6440
160 6607 6455
160 6368 6213
160 6729 6574
160 7010 6855
160 6749 6595
160 6638 6486
160 6530 6378
160 5949 5795
160 7214 7058
160 7273 7120
160 6623 6470
160 7223 7070
160 6754 6602
160 7161 7006
160 6368 6215
160 6485 6332
160 6153 5998
160 6506 6351
160 6253 6096
160 6474 6321
160 6764 6610
160 6069 5915
160 7042 6890
160 6270 6117
160 5837 5684
160 6863 6712
160 6783 6629
160 7013 6859
160 7029 6874
160 6310 6154
160 6722 6566
160 6445 6291
160 6041 5885
160 6724 6570
160 6794 6638
160 6647 6491
160 6805 6650
160 7127 6977
160 6819 6665
160 6787 6635
160 6863 6711
160 6806 6648
160 6417 6262
160 6865 6712
160 6565 6410
160 6213 6061
160 6891 6736
160 6723 6569
160 6208 6055
160 6874 6722
160 6223 6069
160 6121 5965
160 6552 6397
160 6445 6290
160 6281 6125
160 5754 5600
160 6459 6302
160 6864 6710
160 6698 6548
160 6838 6682
160 6578 6425
160 6872 6718
160 7063 6908
160 6165 6011
160 6127 5972
160 6177 6025
160 6227 6074
160 6600 6445
160 6643 6489
160 6431 6274
160 6525 6370
160 6814 6658
160 6826 6672
160 6682 6527
160 6029 5874
160 6426 6269
160 6145 5990
160 6570 6417
160 5822 5670
170 7171 7008
170 7179 7011
170 7971 7813
170 7309 7146
170 8059 7895
170 7510 7347
170 6961 6799
170 7772 7610
170 6238 6070
170 7455 7290
170 7454 7289
170 7594 7430
170 7224 7060
170 6838 6676
170 7263 7100
170 6819 6658
170 6985 6820
170 7447 7286
170 7360 7197
170 7314 7149
170 7733 7569
170 7240 7078
170 7422 7258
170 6994 6833
170 7336 7175
170 7206 7042
170 7626 7459
170 7539 7373
170 7819 7657
170 7760 7597
170 7224 7059
170 6188 6027
170 7283 7118
170 7480 7314
170 7410 7245
170 7540 7375
170 7679 7515
170 7154 6990
170 6591 6429
170 7154 6994
170 7158 6996
170 7490 7329
170 7708 7543
170 6857 6690
170 7272 7107
170 7604 7442
170 7333 7168
170 7675 7509
170 7178 7019
170 7255 7090
170 7516 7350
170 7235 7069
170 7814 7650
170 7728 7568
170 7209 7045
170 7198 7033
170 7084 6923
170 7415 7249
170 7485 7320
170 7486 7319
170 7615 7452
170 7035 6868
170 8076 7912
170 7530 7364
170 6834 6670
170 6725 6558
170 6523 6360
170 6650 6488
170 7359 7193
170 7128 6962
170 7265 7104
170 7621 7456
170 7417 7252
170 7407 7244
170 7015 6851
170 7652 7484
170 7097 6934
170 6878 6716
170 7944 7782
170 7704 7539
170 7177 7010
170 7157 6993
170 7653 7488
170 7654 7489
170 6902 6736
170 7427 7265
170 7200 7033
170 6940 6779
170 6659 6496
170 7693 7529
170 7307 7142
170 7996 7830
170 7897 7731
170 7042 6878
170 7541 7375
170 7073 6908
170 7821 7659
170 7529 7366
170 6828 6662
170 7186 7021
180 8495 8320
180 8244 8071
180 8040 7864
180 8828 8652
180 8527 8350
180 8215 8043
180 8637 8461
180 8205 8030
180 8528 8353
180 7701 7530
180 8505 8331
180 8018 7845
180 8400 8229
180 8581 8409
180 8397 8223
180 8631 8459
180 7524 7349
180 8526 8352
180 7705 7531
180 9019 8846
180 8504 8327
180 8491 8317
180 7871 7694
180 7848 7673
180 8443 8269
180 8672 8500
180 8711 8538
180 8634 8458
180 7206 7031
180 8087 7914
180 8399 8224
180 8406 8234
180 9022 8849
180 8490 8317
180 8294 8123
180 8736 8562
180 8332 8157
180 8444 8271
180 9050 8877
180 8305 8132
180 8677 8505
180 8398 8227
180 7583 7410
180 7301 7128
180 8325 8150
180 8108 7933
180 8218 8044
180 7738 7562
180 8643 8469
180 8080 7905
180 7627 7454
180 7515 7338
180 8778 8605
180 8064 7887
180 7357 7181
180 8296 8122
180 7675 7499
180 8303 8132
180 8167 7993
180 7569 7398
180 8723 8547
180 7917 7744
180 7530 7358
180 8214 8037
180 8262 8088
180 7342 7169
180 8342 8167
180 8715 8542
180 7653 7478
180 8402 8225
180 7638 7469
180 8097 7924
180 8195 8019
180 8802 8627
180 8199 8025
180 8270 8095
180 8066 7894
180 8453 8277
180 7951 7778
180 7699 7526
180 7885 7714
180 8103 7929
180 7889 7714
180 8421 8248
180 8194 8020
180 8835 8661
180 8040 7866
180 7727 7549
180 7844 7671
180 8237 8063
180 7654 7476
180 7864 7689
180 8830 8654
180 7918 7744
180 8184 8014
180 8479 8305
180 8410 8232
180 8342 8169
180 8020 7843
180 7380 7204
190 9503 9317
190 9625 9441
190 8915 8730
190 9579 9393
190 9864 9676
190 8497 8313
190 8782 8599
190 9303 9120
190 9666 9484
190 8510 8323
190 9329 9145
190 8604 8421
190 8529 8345
190 9915 9729
190 9245 9058
190 9030 8846
190 8883 8702
190 9257 9071
190 9479 9293
190 9097 8912
190 9408 9223
190 9621 9436
190 9231 9048
190 9946 9760
190 9151 8966
190 8756 8570
190 9475 9290
190 7870 7688
190 8964 8777
190 9221 9037
190 9127 8944
190 9629 9444
190 10260 10077
190 9181 8996
190 9146 8960
190 9160 8976
190 9000 8816
190 9600 9416
190 9215 9030
190 9184 8998
190 9619 9433
190 9091 8905
190 10108 9924
190 8913 8727
190 8781 8597
190 9387 9201
190 8919 8739
190 8479 8300
190 8214 8030
190 9433 9250
190 9858 9675
190 9018 8838
190 8865 8683
190 9041 8858
190 9049 8867
190 9918 9732
190 9129 8947
190 9357 9172
190 9353 9170
190 9696 9512
190 9380 9197
190 9385 9198
190 9783 9599
190 8685 8500
190 8741 8556
190 8844 8659
190 9027 8840
190 9391 9209
190 8801 8616
190 8583 8398
190 8900 8717
190 8597 8417
190 9441 9257
190 8517 8331
190 9481 9299
190 8088 7903
190 8841 8662
190 8359 8178
190 9496 9311
190 8773 8588
190 9198 9018
190 9319 9133
190 10198 10016
190 9281 9098
190 8985 8803
190 9258 9075
190 9486 9301
190 9355 9167
190 9347 9162
190 8275 8088
190 8338 8155
190 9755 9570
190 9685 9500
190 9351 9166
190 9296 9113
190 9868 9684
190 9918 9731
190 9192 9011
190 8943 8760
190 9224 9039
200 10254 10059
200 9865 9670
200 9865 9669
200 10394 10200
200 9603 9406
200 9993 9795
200 11019 10829
200 10180 9985
200 9875 9685
200 9784 9589
200 10346 10152
200 10394 10207
200 9719 9523
200 9795 9599
200 9933 9737
200 10728 10532
200 9918 9720
200 9874 9681
200 10222 10024
200 10875 10679
200 9610 9413
200 10165 9969
200 10212 10018
200 9527 9330
200 9948 9753
200 10176 9979
200 10391 10198
200 9532 9335
200 10260 10065
200 10764 10573
200 10443 10251
200 9920 9725
200 9842 9647
200 10456 10262
200 10601 10408
200 9940 9749
200 10167 9972
200 9562 9366
200 9779 9589
200 10184 9990
200 9502 9305
200 10325 10130
200 10054 9858
200 10555 10361
200 10283 10086
200 10384 10188
200 11624 11434
200 9805 9611
200 9707 9514
200 9896 9700
200 10697 10504
200 10771 10574
200 10086 9888
200 9839 9650
200 9769 9576
200 10330 10135
200 10106 9912
200 11221 11026
200 10190 9995
200 10150 9959
200 11094 10902
200 10820 10623
200 10505 10313
200 10435 10240
200 10419 10226
200 9752 9561
200 9960 9766
200 10072 9876
200 9761 9565
200 10118 9924
200 10037 9846
200 10118 9926
200 10780 10582
200 9562 9368
200 9704 9509
200 10793 10598
200 9756 9559
200 9380 9184
200 11063 10870
200 10174 9982
200 9757 9560
200 10340 10145
200 10110 9912
200 10090 9902
200 10671 10481
200 9738 9542
200 9942 9746
200 9717 9524
200 10577 10380
200 9964 9771
200 10194 9998
200 9513 9318
200 9974 9782
200 10147 9954
200 10688 10495
200 9664 9473
200 10207 10014
200 9429 9231
200 9627 9432
200 9706 9512
