1
1
1
2
1.5
1.485
3
1.83333
1.84
4
2.08333
2.096
5
2.28333
2.315
6
2.45
2.474
7
2.59286
2.601
8
2.71786
2.732
9
2.82897
2.815
10
2.92897
3.014
11
3.01988
3.099
12
3.10321
3.063
13
3.18013
3.213
14
3.25156
3.318
15
3.31823
3.301
16
3.38073
3.361
17
3.43955
3.423
18
3.49511
3.509
19
3.54774
3.522
20
3.59774
3.575
21
3.64536
3.678
22
3.69081
3.773
23
3.73429
3.747
24
3.77596
3.784
25
3.81596
3.819
26
3.85442
3.842
27
3.89146
3.985
28
3.92717
3.886
29
3.96165
3.899
30
3.99499
3.988
31
4.02725
4.103
32
4.0585
4.069
33
4.0888
4.184
34
4.11821
4.193
35
4.14678
4.121
36
4.17456
4.27
37
4.20159
4.214
38
4.2279
4.259
39
4.25354
4.292
40
4.27854
4.288
41
4.30293
4.289
42
4.32674
4.359
43
4.35
4.387
44
4.37273
4.361
45
4.39495
4.479
46
4.41669
4.444
47
4.43796
4.426
48
4.4588
4.334
49
4.47921
4.514
50
4.49921
4.484
51
4.51881
4.541
52
4.53804
4.604
53
4.55691
4.588
54
4.57543
4.598
55
4.59361
4.618
56
4.61147
4.558
57
4.62901
4.689
58
4.64625
4.675
59
4.6632
4.695
60
4.67987
4.701
61
4.69626
4.798
62
4.71239
4.781
63
4.72827
4.665
64
4.74389
4.739
65
4.75928
4.737
66
4.77443
4.817
67
4.78935
4.847
68
4.80406
4.789
69
4.81855
4.854
70
4.83284
4.842
71
4.84692
4.877
72
4.86081
4.802
73
4.87451
4.998
74
4.88802
4.91
75
4.90136
5.046
76
4.91451
4.967
77
4.9275
4.901
78
4.94032
4.885
79
4.95298
5.029
80
4.96548
4.987
81
4.97782
4.989
82
4.99002
5.02
83
5.00207
5.038
84
5.01397
4.945
85
5.02574
5.096
86
5.03737
5.178
87
5.04886
5.059
88
5.06022
5.098
89
5.07146
5.166
90
5.08257
5.124
91
5.09356
5.193
92
5.10443
5.14
93
5.11518
5.108
94
5.12582
5.088
95
5.13635
5.138
96
5.14676
5.082
97
5.15707
5.131
98
5.16728
5.067
99
5.17738
5.23
100
5.18738
5.189