1
1
1
2
1.5
2
3
1.83333
2
4
2.08333
2
5
2.28333
3
6
2.45
2
7
2.59286
2
8
2.71786
4
9
2.82897
4
10
2.92897
2
11
3.01988
4
12
3.10321
4
13
3.18013
4
14
3.25156
3
15
3.31823
3
16
3.38073
3
17
3.43955
5
18
3.49511
5
19
3.54774
5
20
3.59774
3
21
3.64536
2
22
3.69081
3
23
3.73429
3
24
3.77596
4
25
3.81596
5
26
3.85442
4
27
3.89146
7
28
3.92717
2
29
3.96165
5
30
3.99499
5
31
4.02725
5
32
4.0585
6
33
4.0888
2
34
4.11821
2
35
4.14678
2
36
4.17456
7
37
4.20159
2
38
4.2279
6
39
4.25354
3
40
4.27854
6
41
4.30293
4
42
4.32674
4
43
4.35
6
44
4.37273
6
45
4.39495
3
46
4.41669
1
47
4.43796
3
48
4.4588
4
49
4.47921
7
50
4.49921
5
51
4.51881
8
52
4.53804
6
53
4.55691
6
54
4.57543
4
55
4.59361
5
56
4.61147
5
57
4.62901
7
58
4.64625
1
59
4.6632
1
60
4.67987
7
61
4.69626
5
62
4.71239
5
63
4.72827
4
64
4.74389
4
65
4.75928
5
66
4.77443
4
67
4.78935
6
68
4.80406
2
69
4.81855
8
70
4.83284
5
71
4.84692
3
72
4.86081
4
73
4.87451
3
74
4.88802
6
75
4.90136
5
76
4.91451
3
77
4.9275
3
78
4.94032
3
79
4.95298
6
80
4.96548
4
81
4.97782
4
82
4.99002
7
83
5.00207
8
84
5.01397
6
85
5.02574
7
86
5.03737
4
87
5.04886
7
88
5.06022
7
89
5.07146
6
90
5.08257
5
91
5.09356
4
92
5.10443
6
93
5.11518
7
94
5.12582
1
95
5.13635
5
96
5.14676
4
97
5.15707
5
98
5.16728
5
99
5.17738
8
100
5.18738
3