10 36 30
10 24 17
10 26 18
10 26 20
10 32 25
10 32 27
10 29 23
10 30 23
10 23 15
10 33 24
10 35 28
10 26 20
10 28 20
10 29 24
10 32 25
10 29 24
10 27 20
10 31 24
10 25 16
10 17 10
10 34 29
10 26 17
10 29 25
10 36 32
10 33 26
10 31 23
10 31 23
10 27 18
10 20 11
10 22 15
10 41 34
10 29 21
10 28 22
10 37 31
10 41 36
10 27 20
10 39 33
10 31 23
10 29 21
10 27 20
10 27 20
10 26 18
10 25 17
10 34 27
10 18 10
10 33 25
10 35 28
10 29 22
10 35 29
10 33 28
10 24 15
10 24 17
10 33 26
10 28 19
10 28 20
10 34 27
10 35 27
10 24 15
10 34 27
10 37 32
10 29 24
10 30 22
10 26 18
10 27 22
10 28 22
10 24 16
10 33 28
10 37 30
10 26 19
10 26 18
10 33 27
10 40 33
10 22 15
10 30 22
10 28 20
10 21 14
10 33 26
10 23 14
10 25 18
10 22 14
10 33 26
10 26 19
10 33 26
10 20 13
10 28 21
10 39 32
10 29 23
10 16 8
10 20 15
10 37 32
10 25 16
10 28 20
10 36 30
10 29 22
10 33 27
10 29 23
10 31 26
10 34 26
10 34 29
10 36 31
20 116 100
20 92 75
20 89 71
20 124 109
20 100 83
20 108 89
20 113 96
20 107 91
20 81 65
20 112 95
20 108 93
20 131 117
20 102 86
20 112 95
20 107 93
20 90 73
20 119 104
20 122 104
20 120 103
20 128 112
20 92 76
20 110 93
20 88 71
20 99 82
20 111 95
20 117 103
20 93 75
20 95 79
20 133 118
20 125 110
20 110 95
20 137 123
20 95 78
20 143 128
20 128 112
20 124 107
20 143 129
20 120 104
20 113 99
20 143 127
20 95 77
20 132 115
20 98 81
20 114 99
20 112 96
20 104 89
20 116 99
20 125 111
20 129 114
20 108 91
20 105 90
20 128 111
20 152 136
20 140 124
20 121 107
20 125 108
20 114 99
20 87 73
20 97 80
20 94 78
20 103 86
20 117 103
20 79 63
20 105 87
20 105 88
20 108 90
20 113 98
20 116 99
20 129 113
20 122 105
20 114 98
20 119 103
20 121 108
20 121 104
20 91 75
20 106 90
20 102 87
20 117 100
20 146 131
20 105 88
20 105 89
20 130 113
20 93 78
20 114 97
20 130 114
20 120 104
20 111 93
20 106 89
20 116 98
20 104 87
20 124 111
20 137 120
20 116 98
20 117 100
20 92 77
20 98 83
20 115 97
20 99 81
20 111 93
20 116 100
30 236 210
30 255 230
30 231 203
30 250 224
30 225 198
30 243 218
30 256 232
30 210 184
30 206 181
30 265 238
30 177 151
30 264 236
30 225 198
30 268 242
30 254 232
30 289 266
30 258 232
30 269 242
30 230 202
30 260 232
30 260 236
30 254 228
30 206 181
30 283 254
30 283 259
30 213 186
30 199 170
30 213 187
30 231 208
30 254 227
30 273 248
30 277 252
30 224 198
30 239 211
30 220 194
30 225 200
30 267 242
30 268 243
30 244 216
30 243 215
30 297 272
30 241 216
30 269 242
30 230 206
30 256 231
30 230 203
30 259 234
30 256 229
30 247 218
30 222 198
30 244 218
30 244 218
30 257 234
30 221 194
30 245 219
30 337 313
30 178 151
30 200 173
30 252 224
30 236 211
30 246 220
30 240 213
30 234 209
30 266 245
30 215 186
30 195 166
30 287 261
30 251 226
30 242 214
30 238 210
30 234 208
30 238 209
30 292 269
30 234 212
30 239 213
30 218 193
30 186 158
30 214 190
30 197 171
30 230 204
30 217 191
30 214 187
30 254 226
30 198 171
30 287 262
30 277 253
30 262 235
30 182 154
30 252 227
30 241 216
30 269 244
30 213 185
30 237 213
30 226 199
30 289 264
30 244 218
30 205 177
30 263 238
30 231 205
30 241 216
40 380 345
40 320 284
40 459 426
40 398 362
40 455 419
40 419 385
40 388 352
40 474 440
40 465 431
40 486 453
40 402 365
40 377 342
40 441 405
40 479 444
40 461 426
40 387 351
40 506 469
40 346 312
40 430 392
40 546 512
40 413 379
40 380 343
40 418 383
40 382 347
40 431 394
40 355 319
40 455 420
40 428 391
40 403 366
40 407 368
40 426 389
40 403 366
40 442 406
40 422 387
40 448 412
40 484 448
40 466 431
40 431 393
40 482 447
40 392 356
40 444 408
40 452 414
40 357 322
40 450 417
40 396 361
40 370 332
40 429 393
40 398 363
40 456 426
40 432 400
40 340 302
40 499 464
40 466 431
40 432 397
40 352 317
40 465 431
40 446 413
40 476 440
40 492 457
40 444 407
40 439 407
40 401 366
40 397 360
40 356 319
40 364 330
40 437 400
40 419 384
40 458 420
40 392 354
40 405 371
40 431 395
40 497 464
40 387 350
40 439 400
40 458 421
40 424 388
40 484 449
40 428 393
40 386 350
40 411 380
40 353 316
40 479 445
40 455 419
40 369 332
40 357 321
40 372 335
40 409 373
40 395 363
40 414 375
40 444 406
40 459 422
40 448 412
40 434 399
40 455 419
40 409 373
40 373 334
40 395 361
40 426 388
40 392 355
40 445 409
50 640 595
50 653 609
50 654 611
50 726 679
50 569 522
50 751 703
50 502 456
50 658 610
50 630 583
50 612 565
50 756 712
50 751 708
50 712 669
50 756 710
50 703 661
50 701 656
50 680 631
50 664 621
50 629 584
50 644 597
50 770 721
50 775 730
50 666 621
50 645 602
50 687 640
50 635 588
50 715 672
50 653 607
50 654 606
50 544 496
50 560 513
50 557 508
50 727 679
50 592 546
50 699 652
50 623 579
50 614 567
50 702 658
50 556 511
50 680 635
50 701 656
50 571 525
50 795 751
50 628 581
50 741 696
50 641 595
50 638 597
50 666 622
50 565 517
50 676 629
50 671 627
50 634 590
50 678 632
50 632 588
50 636 590
50 705 659
50 597 550
50 665 619
50 700 659
50 675 626
50 786 747
50 621 575
50 724 678
50 636 590
50 624 577
50 666 621
50 582 535
50 642 598
50 591 547
50 650 605
50 683 636
50 655 609
50 709 666
50 502 458
50 653 606
50 665 622
50 566 520
50 619 575
50 607 562
50 596 549
50 657 610
50 718 676
50 609 563
50 593 549
50 695 651
50 715 671
50 674 629
50 675 627
50 695 651
50 688 641
50 640 595
50 678 631
50 592 548
50 686 642
50 719 675
50 632 588
50 666 624
50 712 665
50 610 566
50 514 465
60 1007 950
60 971 915
60 869 815
60 880 826
60 955 900
60 822 766
60 925 872
60 1001 947
60 955 898
60 826 770
60 879 826
60 1069 1015
60 1018 961
60 1013 959
60 864 806
60 1134 1078
60 992 937
60 808 754
60 941 884
60 880 824
60 836 778
60 933 875
60 927 869
60 982 927
60 859 805
60 948 890
60 929 871
60 947 891
60 903 847
60 1129 1074
60 847 791
60 889 833
60 963 909
60 850 795
60 860 805
60 812 754
60 982 927
60 958 905
60 1028 972
60 1040 986
60 797 741
60 857 802
60 1010 953
60 1085 1031
60 918 864
60 940 884
60 892 838
60 928 871
60 878 822
60 922 866
60 854 799
60 900 845
60 910 852
60 827 770
60 876 821
60 753 697
60 918 864
60 1012 956
60 997 942
60 1037 985
60 967 915
60 944 890
60 985 931
60 960 904
60 914 859
60 905 846
60 996 942
60 928 871
60 1051 999
60 968 914
60 944 890
60 763 706
60 988 931
60 898 843
60 1071 1019
60 903 848
60 1008 953
60 940 885
60 858 802
60 903 846
60 973 917
60 939 881
60 1002 945
60 1061 1007
60 887 835
60 859 802
60 928 872
60 799 744
60 761 704
60 1027 971
60 764 706
60 862 809
60 991 939
60 863 808
60 853 797
60 988 931
60 741 687
60 955 900
60 946 888
60 1040 985
70 1322 1259
70 1293 1230
70 1421 1354
70 1202 1134
70 1415 1348
70 1360 1296
70 1366 1297
70 1321 1253
70 1354 1291
70 1396 1329
70 1361 1296
70 1282 1216
70 1050 986
70 1304 1237
70 1152 1083
70 1276 1213
70 1333 1271
70 1200 1136
70 1137 1075
70 1400 1333
70 1226 1161
70 1145 1077
70 1244 1181
70 1265 1199
70 1236 1172
70 1230 1164
70 1469 1403
70 1180 1117
70 1365 1303
70 1321 1253
70 1418 1354
70 1154 1090
70 1469 1404
70 1231 1164
70 1114 1051
70 1239 1175
70 1458 1395
70 1291 1228
70 1203 1134
70 1442 1378
70 1170 1106
70 1252 1187
70 1180 1113
70 1242 1177
70 1310 1249
70 1296 1229
70 1207 1141
70 1167 1103
70 1351 1287
70 1456 1395
70 1210 1141
70 1155 1089
70 1293 1228
70 1352 1287
70 1242 1177
70 1256 1191
70 1200 1136
70 1443 1379
70 1218 1151
70 1361 1298
70 1369 1306
70 1324 1257
70 1225 1159
70 1408 1344
70 1249 1184
70 1284 1221
70 1146 1081
70 1301 1236
70 1313 1248
70 1360 1294
70 1315 1250
70 1114 1048
70 1399 1332
70 1190 1124
70 1083 1016
70 1314 1251
70 1355 1287
70 1545 1485
70 1220 1154
70 1221 1154
70 1290 1226
70 1319 1252
70 1263 1199
70 1266 1200
70 1185 1122
70 1296 1230
70 1238 1174
70 1249 1183
70 1285 1221
70 1308 1242
70 1486 1420
70 1071 1006
70 1317 1251
70 1298 1232
70 1300 1236
70 1343 1279
70 1257 1191
70 1307 1241
70 1271 1208
70 1298 1235
80 1629 1554
80 1765 1693
80 1491 1418
80 1693 1623
80 1690 1618
80 1639 1561
80 1616 1539
80 1553 1480
80 1699 1621
80 1811 1740
80 1780 1706
80 1701 1627
80 1317 1241
80 1675 1599
80 1591 1517
80 1601 1526
80 1536 1458
80 1802 1730
80 1468 1391
80 1713 1640
80 1777 1700
80 1608 1532
80 1897 1825
80 1535 1460
80 1748 1672
80 1535 1459
80 1632 1558
80 1785 1713
80 1574 1498
80 1478 1405
80 1657 1579
80 1940 1866
80 1713 1641
80 1609 1534
80 1590 1514
80 1505 1432
80 1934 1860
80 1680 1604
80 1606 1534
80 1563 1486
80 1655 1582
80 1340 1264
80 1747 1673
80 1574 1500
80 1852 1779
80 1648 1574
80 1646 1569
80 1596 1522
80 1624 1550
80 1842 1767
80 1747 1671
80 1591 1516
80 1733 1659
80 1745 1667
80 1624 1547
80 1489 1419
80 1722 1647
80 1714 1641
80 1566 1492
80 1554 1480
80 1412 1335
80 1535 1464
80 1696 1622
80 1881 1807
80 1633 1558
80 1660 1582
80 1818 1745
80 1772 1700
80 1608 1530
80 1817 1741
80 1696 1622
80 1527 1453
80 1716 1639
80 1573 1496
80 1877 1802
80 1749 1677
80 1607 1531
80 1782 1704
80 1761 1684
80 1645 1568
80 1913 1836
80 1539 1465
80 1728 1651
80 1665 1591
80 1654 1577
80 1761 1686
80 1711 1635
80 1682 1608
80 1691 1615
80 1593 1516
80 1556 1482
80 1720 1645
80 1619 1545
80 1592 1517
80 1699 1626
80 1418 1343
80 1606 1531
80 1725 1649
80 1732 1658
80 1659 1585
90 2355 2273
90 2210 2125
90 2129 2044
90 1993 1908
90 2034 1947
90 2007 1924
90 2145 2060
90 1812 1727
90 2147 2061
90 2209 2125
90 2152 2067
90 2190 2106
90 1790 1708
90 2326 2243
90 2466 2383
90 1996 1911
90 2142 2056
90 2084 1999
90 2161 2077
90 2183 2097
90 1980 1897
90 2202 2116
90 2139 2052
90 2260 2176
90 2084 2000
90 2135 2048
90 2016 1931
90 1994 1912
90 2053 1967
90 1827 1741
90 2005 1925
90 1954 1870
90 1988 1904
90 1917 1833
90 2046 1963
90 2022 1940
90 2119 2035
90 2229 2149
90 2290 2204
90 2248 2162
90 1971 1886
90 1903 1816
90 2004 1918
90 1871 1784
90 1884 1797
90 2005 1920
90 2041 1959
90 2029 1944
90 2369 2282
90 2261 2174
90 1972 1889
90 1984 1898
90 2169 2084
90 2181 2095
90 2041 1955
90 2104 2019
90 2071 1986
90 2225 2145
90 2318 2232
90 1942 1856
90 2213 2127
90 2046 1962
90 1886 1799
90 2053 1969
90 2092 2006
90 2432 2348
90 2122 2036
90 1956 1871
90 2260 2175
90 2395 2311
90 2061 1972
90 2081 1994
90 2287 2202
90 1990 1904
90 2166 2079
90 2189 2104
90 2121 2036
90 2067 1981
90 1929 1843
90 2018 1934
90 2201 2114
90 1986 1901
90 2086 2002
90 2250 2164
90 1932 1845
90 2143 2059
90 1964 1878
90 2177 2091
90 1801 1717
90 2085 1999
90 2024 1941
90 2013 1926
90 2184 2098
90 1929 1843
90 2143 2056
90 2133 2051
90 2014 1928
90 1896 1809
90 2010 1925
90 2154 2070
100 2546 2452
100 2618 2521
100 2796 2699
100 2514 2418
100 2704 2608
100 2422 2328
100 2614 2523
100 2893 2801
100 2541 2445
100 2699 2602
100 2651 2556
100 2695 2599
100 2335 2240
100 2537 2442
100 2560 2464
100 2430 2339
100 2597 2501
100 2723 2627
100 2796 2701
100 2270 2174
100 2519 2424
100 2479 2385
100 2662 2568
100 2640 2545
100 2549 2453
100 2555 2462
100 2524 2429
100 2495 2405
100 2639 2545
100 2812 2718
100 2529 2432
100 2617 2526
100 2499 2405
100 2365 2270
100 2783 2687
100 2471 2374
100 2701 2608
100 3069 2975
100 2520 2426
100 2841 2742
100 2518 2424
100 2238 2143
100 2279 2187
100 2542 2452
100 2523 2429
100 2831 2736
100 2441 2345
100 2614 2516
100 2819 2727
100 2399 2306
100 2907 2813
100 2410 2314
100 2539 2445
100 2753 2658
100 2436 2342
100 2687 2591
100 2712 2619
100 2918 2821
100 2313 2216
100 2490 2395
100 2474 2378
100 2429 2334
100 2722 2627
100 2825 2730
100 2642 2548
100 2711 2616
100 2321 2223
100 2562 2468
100 2128 2030
100 2509 2414
100 2161 2064
100 2477 2380
100 2560 2463
100 2290 2195
100 2672 2574
100 2342 2244
100 2321 2226
100 2509 2413
100 2659 2566
100 2398 2303
100 2534 2439
100 2594 2500
100 2210 2116
100 2715 2620
100 2571 2476
100 2538 2442
100 2562 2466
100 2487 2391
100 2415 2319
100 2794 2697
100 2489 2396
100 2752 2660
100 2482 2387
100 2757 2663
100 2761 2665
100 2484 2392
100 2753 2657
100 2421 2326
100 2618 2525
100 2487 2391
110 3050 2945
110 3131 3025
110 3070 2966
110 2874 2770
110 3335 3230
110 3078 2973
110 2885 2779
110 2977 2874
110 3163 3056
110 3107 3006
110 3134 3031
110 3065 2960
110 2988 2885
110 3129 3026
110 2949 2844
110 3233 3128
110 3202 3097
110 3070 2965
110 3144 3037
110 3207 3104
110 3058 2953
110 2967 2862
110 2737 2632
110 2888 2784
110 3004 2900
110 3227 3119
110 3197 3090
110 2949 2843
110 3148 3041
110 3151 3047
110 3104 3000
110 2889 2783
110 3307 3202
110 3091 2986
110 2870 2766
110 3394 3288
110 3101 3000
110 2925 2822
110 3301 3201
110 3053 2950
110 3115 3012
110 3190 3089
110 3105 3000
110 3353 3250
110 3012 2906
110 3102 2997
110 3120 3017
110 2923 2818
110 3086 2984
110 2935 2828
110 2981 2877
110 2692 2585
110 3368 3265
110 2976 2871
110 3126 3020
110 3213 3108
110 3516 3413
110 2777 2673
110 3363 3256
110 2814 2707
110 2846 2741
110 2848 2743
110 3029 2927
110 3061 2954
110 3477 3374
110 2985 2880
110 3456 3351
110 3014 2909
110 3217 3112
110 3218 3113
110 3072 2965
110 3147 3042
110 2814 2710
110 3098 2994
110 3136 3031
110 3342 3235
110 3040 2932
110 3055 2949
110 3248 3142
110 3247 3139
110 3265 3160
110 3024 2920
110 3227 3122
110 3053 2947
110 2997 2891
110 2857 2752
110 2881 2773
110 3308 3207
110 3286 3182
110 3083 2978
110 3062 2956
110 2883 2781
110 3208 3106
110 3126 3023
110 3045 2941
110 2939 2835
110 3286 3180
110 2907 2805
110 3164 3061
110 2817 2711
120 3566 3448
120 3445 3330
120 4145 4031
120 3648 3530
120 3732 3620
120 3568 3453
120 4085 3973
120 3608 3494
120 3278 3163
120 3571 3454
120 3436 3322
120 3447 3334
120 3552 3435
120 3422 3305
120 3602 3487
120 3495 3378
120 3821 3704
120 3428 3311
120 3943 3831
120 3962 3847
120 3702 3588
120 3772 3659
120 4129 4016
120 3584 3470
120 3826 3711
120 3431 3315
120 3270 3152
120 3622 3508
120 3895 3780
120 3729 3611
120 3893 3779
120 4118 4002
120 4018 3904
120 3437 3321
120 3425 3308
120 3936 3820
120 3679 3565
120 3511 3398
120 3995 3883
120 3778 3663
120 4161 4046
120 3403 3290
120 4068 3954
120 3880 3769
120 3550 3435
120 3252 3136
120 3734 3619
120 3228 3112
120 3611 3494
120 3667 3554
120 3822 3709
120 3599 3484
120 3602 3488
120 3582 3466
120 3427 3312
120 3489 3372
120 3282 3164
120 3379 3263
120 3812 3700
120 4063 3947
120 3387 3270
120 3426 3312
120 3835 3719
120 3288 3175
120 3992 3874
120 4029 3912
120 3300 3187
120 3322 3206
120 3516 3407
120 3898 3784
120 3579 3466
120 3547 3429
120 4138 4024
120 3924 3809
120 3401 3289
120 3716 3603
120 3796 3680
120 3528 3417
120 3610 3495
120 3796 3682
120 3547 3432
120 3653 3538
120 3897 3783
120 3858 3746
120 3588 3473
120 3980 3867
120 3530 3415
120 3725 3611
120 3848 3731
120 3675 3557
120 3679 3565
120 3623 3512
120 3941 3826
120 3553 3438
120 4217 4103
120 3700 3586
120 3565 3449
120 3345 3229
120 4014 3896
120 3768 3652
130 4609 4487
130 4029 3904
130 4254 4128
130 4028 3900
130 4665 4543
130 4312 4186
130 4440 4313
130 4309 4185
130 4632 4505
130 4321 4193
130 4627 4500
130 4582 4456
130 4473 4348
130 4017 3891
130 4276 4149
130 4061 3935
130 4459 4336
130 4480 4359
130 4158 4033
130 4353 4226
130 4304 4184
130 4663 4536
130 4416 4292
130 4122 3997
130 4146 4021
130 4070 3944
130 4092 3970
130 4263 4140
130 4293 4167
130 4518 4393
130 4619 4496
130 4465 4341
130 3962 3838
130 4207 4085
130 4062 3934
130 4256 4133
130 4309 4183
130 4410 4287
130 4312 4191
130 3937 3813
130 4328 4201
130 4451 4329
130 4258 4133
130 4042 3919
130 4530 4405
130 3938 3813
130 4231 4105
130 3967 3839
130 4583 4456
130 4155 4032
130 4218 4091
130 4536 4410
130 4566 4441
130 4552 4428
130 4264 4139
130 4185 4064
130 4409 4284
130 4016 3895
130 4344 4216
130 4487 4361
130 4169 4047
130 4527 4403
130 3923 3797
130 4319 4196
130 4166 4040
130 4377 4253
130 4131 4008
130 3973 3849
130 4180 4057
130 4169 4044
130 4458 4332
130 3775 3647
130 4192 4068
130 4332 4205
130 4413 4287
130 3798 3674
130 4300 4174
130 4407 4282
130 4748 4623
130 4162 4037
130 4143 4018
130 3939 3811
130 4453 4329
130 4069 3943
130 4543 4416
130 4423 4299
130 4312 4189
130 4431 4310
130 4525 4400
130 4491 4365
130 4024 3902
130 4056 3932
130 4382 4258
130 4282 4156
130 4049 3921
130 4376 4248
130 4387 4262
130 4239 4111
130 4374 4249
130 4068 3943
140 5189 5056
140 4895 4761
140 4570 4437
140 4861 4726
140 5058 4925
140 4662 4529
140 5463 5330
140 4691 4558
140 5036 4905
140 5319 5183
140 5242 5108
140 5018 4885
140 4490 4356
140 4946 4810
140 5074 4941
140 4865 4728
140 5177 5042
140 4797 4660
140 5533 5398
140 5147 5014
140 4600 4469
140 4890 4755
140 4547 4411
140 5408 5272
140 4668 4532
140 4739 4605
140 4921 4784
140 5169 5032
140 5281 5145
140 4936 4799
140 4705 4574
140 5640 5504
140 4815 4683
140 5276 5142
140 4690 4557
140 4684 4546
140 4444 4306
140 5671 5536
140 4837 4701
140 4455 4317
140 4759 4623
140 4955 4820
140 4617 4483
140 5100 4964
140 4961 4827
140 4576 4441
140 4621 4486
140 4640 4503
140 5270 5136
140 5168 5034
140 4711 4577
140 5066 4930
140 5185 5049
140 4579 4447
140 4912 4777
140 5000 4868
140 5072 4939
140 5238 5103
140 5091 4954
140 5186 5052
140 5319 5188
140 5464 5327
140 5219 5087
140 5456 5321
140 4933 4798
140 5428 5296
140 4799 4665
140 5269 5133
140 5027 4893
140 5120 4986
140 4943 4808
140 5254 5117
140 4840 4705
140 5483 5351
140 4954 4816
140 5103 4969
140 5121 4987
140 5052 4916
140 4734 4600
140 4772 4640
140 5413 5277
140 4984 4852
140 4533 4400
140 4991 4856
140 5133 5001
140 5402 5271
140 5568 5431
140 4478 4345
140 5091 4955
140 4417 4285
140 4407 4272
140 5292 5162
140 5183 5047
140 4879 4745
140 4837 4701
140 5046 4910
140 5015 4882
140 4918 4781
140 5107 4971
140 4948 4813
150 5286 5140
150 5688 5546
150 5556 5411
150 5388 5243
150 6100 5954
150 5780 5634
150 5728 5584
150 5795 5651
150 5828 5686
150 6012 5867
150 6027 5883
150 5829 5687
150 5547 5402
150 5867 5721
150 5811 5668
150 5931 5787
150 5160 5013
150 5693 5549
150 5618 5475
150 4957 4812
150 5698 5553
150 5956 5811
150 6015 5875
150 5926 5780
150 5619 5476
150 6008 5866
150 6328 6180
150 5862 5715
150 5621 5475
150 5628 5485
150 5610 5464
150 5480 5332
150 5858 5711
150 5917 5771
150 5833 5685
150 5948 5805
150 5347 5202
150 5731 5587
150 5896 5752
150 5770 5623
150 5671 5526
150 5861 5717
150 5699 5553
150 5748 5602
150 6044 5901
150 6121 5979
150 6022 5876
150 6030 5886
150 5570 5423
150 5391 5247
150 5810 5664
150 5361 5215
150 5823 5677
150 5845 5699
150 5213 5071
150 6101 5955
150 5617 5473
150 5611 5468
150 5688 5542
150 5897 5751
150 5772 5628
150 5811 5667
150 5976 5833
150 5151 5004
150 5570 5429
150 5348 5205
150 5365 5223
150 5565 5421
150 5835 5692
150 5435 5292
150 5665 5521
150 5658 5516
150 5778 5633
150 5946 5803
150 6001 5853
150 6071 5927
150 5522 5377
150 5777 5636
150 5931 5787
150 5915 5770
150 5089 4945
150 5928 5787
150 5781 5634
150 5532 5386
150 5623 5481
150 4992 4847
150 5526 5384
150 6029 5884
150 6017 5872
150 5334 5191
150 5419 5273
150 5757 5613
150 5827 5683
150 6065 5924
150 5295 5148
150 5622 5479
150 5296 5151
150 6064 5919
150 5206 5062
150 5774 5629
160 5617 5463
160 6728 6573
160 6221 6067
160 6176 6025
160 6242 6088
160 7063 6906
160 6346 6191
160 6746 6592
160 6833 6676
160 6679 6527
160 6573 6419
160 6027 5872
160 6918 6762
160 6514 6359
160 6415 6262
160 6262 6105
160 7145 6990
160 6229 6072
160 6668 6512
160 6968 6811
160 6814 6657
160 6556 6406
160 6382 6228
160 6097 5944
160 6234 6082
160 6985 6832
160 5709 5554
160 6234 6082
160 6622 6466
160 6104 5949
160 7133 6980
160 6054 5902
160 6562 6404
160 6887 6732
160 7258 7106
160 7023 6869
160 6889 6734
160 6802 6649
160 6546 6390
160 5621 5466
160 6841 6688
160 6889 6735
160 6279 6126
160 6725 6573
160 6534 6377
160 6538 6383
160 6311 6159
160 6427 6275
160 6843 6689
160 6333 6177
160 6217 6059
160 6363 6206
160 6695 6542
160 6872 6716
160 6296 6143
160 6392 6237
160 6749 6595
160 6251 6096
160 6559 6403
160 6625 6471
160 6783 6630
160 6156 6001
160 6288 6130
160 6129 5974
160 6849 6690
160 6906 6748
160 6430 6279
160 6936 6780
160 6022 5865
160 6162 6005
160 6276 6121
160 6601 6450
160 6646 6491
160 6348 6195
160 6398 6244
160 6666 6510
160 6808 6655
160 6253 6097
160 6564 6409
160 6584 6433
160 6936 6780
160 6657 6501
160 6423 6273
160 6393 6238
160 6591 6436
160 6403 6251
160 6390 6237
160 6959 6803
160 6928 6772
160 5898 5744
160 6834 6680
160 6266 6108
160 6489 6333
160 6708 6552
160 6579 6423
160 5859 5701
160 6268 6116
160 6942 6787
160 6744 6587
160 6859 6707
170 7302 7136
170 7813 7651
170 7549 7383
170 7010 6847
170 6800 6637
170 7007 6844
170 7302 7137
170 7441 7274
170 7660 7496
170 7284 7119
170 7545 7378
170 7336 7170
170 7667 7508
170 6383 6218
170 7459 7295
170 7406 7240
170 7589 7428
170 7894 7729
170 7110 6944
170 7294 7128
170 7249 7083
170 7180 7014
170 6743 6578
170 7350 7186
170 7133 6970
170 7819 7661
170 7289 7129
170 7620 7455
170 6836 6678
170 7987 7822
170 7270 7105
170 7178 7013
170 7332 7167
170 7376 7210
170 6409 6246
170 7372 7207
170 7574 7413
170 7233 7069
170 7268 7104
170 6820 6654
170 7657 7497
170 6879 6714
170 7733 7567
170 7617 7451
170 6992 6827
170 7443 7279
170 7470 7306
170 7708 7542
170 7087 6923
170 6901 6737
170 6812 6650
170 7938 7775
170 7148 6983
170 7392 7229
170 8108 7944
170 8365 8204
170 7098 6933
170 7237 7073
170 7298 7130
170 7515 7350
170 8054 7891
170 7511 7345
170 7285 7121
170 7120 6954
170 7349 7183
170 7247 7081
170 7906 7742
170 7189 7023
170 7485 7318
170 7977 7813
170 7353 7186
170 7795 7629
170 8195 8032
170 7030 6864
170 6883 6717
170 7349 7186
170 8020 7854
170 7407 7242
170 6642 6478
170 7349 7184
170 7172 7009
170 6728 6565
170 8066 7903
170 7302 7139
170 8149 7984
170 6767 6600
170 7305 7142
170 6981 6817
170 7583 7422
170 8340 8176
170 7125 6960
170 7372 7205
170 7301 7140
170 7178 7012
170 7294 7132
170 8000 7839
170 7505 7343
170 7402 7237
170 7720 7558
170 7733 7569
180 7822 7646
180 7747 7572
180 8665 8487
180 9341 9171
180 8733 8560
180 7938 7765
180 7852 7677
180 8016 7842
180 8207 8032
180 8190 8015
180 8129 7954
180 7755 7580
180 8440 8265
180 7970 7798
180 8751 8576
180 8750 8575
180 8033 7860
180 8551 8374
180 8197 8026
180 8306 8135
180 7823 7648
180 7535 7363
180 7488 7312
180 8441 8268
180 7867 7693
180 7891 7719
180 7914 7737
180 8049 7874
180 8024 7850
180 8030 7855
180 8831 8659
180 8570 8399
180 7820 7646
180 8213 8038
180 7954 7778
180 8295 8122
180 8126 7952
180 8467 8292
180 8366 8192
180 7951 7781
180 7821 7650
180 9158 8985
180 7482 7311
180 8242 8068
180 7835 7656
180 7676 7501
180 8316 8140
180 8094 7917
180 8319 8144
180 8134 7960
180 8566 8392
180 8478 8301
180 8082 7913
180 8301 8127
180 8579 8402
180 8206 8031
180 7682 7505
180 7906 7734
180 7793 7616
180 8163 7986
180 8275 8103
180 8057 7880
180 8683 8513
180 9009 8837
180 8359 8188
180 8510 8336
180 8360 8186
180 8393 8221
180 8052 7877
180 8148 7973
180 8244 8066
180 7814 7638
180 8377 8200
180 7814 7641
180 8437 8266
180 8830 8656
180 8121 7946
180 8464 8291
180 7904 7729
180 7697 7520
180 8105 7934
180 8098 7924
180 8502 8331
180 8293 8118
180 8243 8065
180 8278 8102
180 7862 7685
180 8320 8145
180 6773 6597
180 7935 7760
180 7813 7637
180 8814 8639
180 8554 8379
180 7348 7171
180 8428 8256
180 8115 7944
180 7721 7543
180 8062 7886
180 8275 8103
180 8574 8402
190 9020 8839
190 9509 9327
190 9142 8957
190 8742 8560
190 9119 8936
190 8907 8725
190 8512 8328
190 9002 8815
190 9827 9644
190 8634 8448
190 8730 8547
190 8412 8228
190 8509 8322
190 9023 8840
190 9272 9087
190 9005 8819
190 9507 9322
190 9647 9463
190 9366 9182
190 9636 9452
190 9486 9303
190 9435 9251
190 8989 8800
190 9421 9238
190 8841 8656
190 8891 8705
190 9634 9453
190 9584 9403
190 8508 8325
190 9601 9418
190 9279 9093
190 8956 8769
190 8912 8726
190 7904 7720
190 10262 10083
190 8853 8667
190 10004 9819
190 9902 9716
190 8585 8402
190 8684 8500
190 9722 9539
190 9617 9432
190 8492 8309
190 9754 9571
190 8664 8480
190 9296 9110
190 9642 9455
190 9749 9567
190 8519 8334
190 9301 9120
190 8917 8733
190 8908 8722
190 9134 8950
190 10061 9878
190 8222 8036
190 8632 8447
190 9003 8818
190 9217 9033
190 9608 9422
190 9034 8848
190 9042 8858
190 8870 8687
190 9078 8895
190 8735 8549
190 8706 8525
190 8815 8629
190 8200 8012
190 8848 8662
190 8813 8627
190 8793 8607
190 9574 9389
190 8546 8360
190 10814 10631
190 9510 9326
190 8523 8338
190 9466 9285
190 9457 9270
190 9232 9047
190 9305 9117
190 8343 8160
190 9341 9155
190 9260 9074
190 9410 9226
190 8352 8166
190 8675 8489
190 9014 8829
190 8726 8539
190 8730 8547
190 9475 9290
190 9559 9379
190 9901 9717
190 9542 9356
190 9033 8851
190 8943 8760
190 8818 8635
190 8883 8699
190 8338 8154
190 9166 8982
190 8920 8734
190 9219 9034
200 10580 10385
200 10152 9955
200 10065 9871
200 10150 9960
200 10506 10313
200 10658 10465
200 10158 9962
200 9559 9367
200 9844 9649
200 9698 9504
200 10041 9844
200 10054 9860
200 9903 9713
200 9350 9156
200 9544 9348
200 9975 9781
200 10093 9901
200 10040 9849
200 9777 9581
200 10549 10356
200 9448 9253
200 10507 10314
200 9532 9338
200 9230 9040
200 10280 10088
200 10151 9957
200 10825 10629
200 9908 9710
200 10628 10434
200 9527 9335
200 9936 9742
200 11224 11029
200 10648 10454
200 10108 9912
200 10732 10541
200 10472 10281
200 9601 9407
200 10674 10479
200 10269 10073
200 10012 9822
200 9892 9697
200 9582 9386
200 9737 9541
200 10146 9950
200 9936 9740
200 9955 9759
200 9401 9210
200 11068 10874
200 10092 9897
200 10418 10220
200 10478 10280
200 9689 9496
200 10890 10692
200 9522 9325
200 10588 10396
200 10813 10618
200 10773 10579
200 10948 10758
200 9643 9451
200 10504 10313
200 10418 10228
200 9961 9767
200 10307 10114
200 10442 10253
200 9983 9786
200 9886 9693
200 9157 8962
200 9879 9687
200 10707 10513
200 9781 9588
200 9858 9664
200 9063 8870
200 10019 9824
200 10020 9825
200 10193 10000
200 8672 8481
200 10308 10111
200 10738 10543
200 10710 10518
200 10318 10123
200 9651 9458
200 10357 10163
200 10169 9973
200 9442 9248
200 9706 9512
200 11016 10823
200 9812 9623
200 10421 10227
200 11012 10819
200 9772 9573
200 10247 10052
200 10072 9876
200 9523 9330
200 9844 9649
200 9688 9494
200 10097 9903
200 10504 10314
200 9889 9697
200 9365 9169
200 10818 10624
