10 22 11
10 23 10
10 25 13
10 24 11
10 19 9
10 22 10
10 21 14
10 25 11
10 21 11
10 23 11
10 24 8
10 23 10
10 25 13
10 22 12
10 21 9
10 24 12
10 23 11
10 25 9
10 23 13
10 24 11
10 20 10
10 23 10
10 22 9
10 20 12
10 23 8
10 22 12
10 24 11
10 24 11
10 23 13
10 25 10
10 20 10
10 23 8
10 22 11
10 19 10
10 24 12
10 19 13
10 22 8
10 23 7
10 22 13
10 24 10
10 20 13
10 24 11
10 23 11
10 21 13
10 22 10
10 18 6
10 19 4
10 23 10
10 23 10
10 20 8
10 22 8
10 24 11
10 23 11
10 24 12
10 22 10
10 23 10
10 23 9
10 24 11
10 21 9
10 19 13
10 20 11
10 25 10
10 23 8
10 21 11
10 22 13
10 20 11
10 24 11
10 22 10
10 20 10
10 22 12
10 20 11
10 24 11
10 23 12
10 23 9
10 22 8
10 24 8
10 22 8
10 23 11
10 22 13
10 23 9
10 19 12
10 22 12
10 24 10
10 21 10
10 24 9
10 21 10
10 23 9
10 22 7
10 21 9
10 25 11
10 25 11
10 22 10
10 23 13
10 22 12
10 21 8
10 24 14
10 25 11
10 25 10
10 22 8
10 25 10
20 63 34
20 63 34
20 68 34
20 61 32
20 63 34
20 65 28
20 63 32
20 61 34
20 65 35
20 65 29
20 61 29
20 66 33
20 61 24
20 63 28
20 62 34
20 59 29
20 65 33
20 59 31
20 64 28
20 61 29
20 66 29
20 64 34
20 63 30
20 65 31
20 60 31
20 62 35
20 62 29
20 63 37
20 68 33
20 64 28
20 64 29
20 66 31
20 64 31
20 63 31
20 63 27
20 64 32
20 63 31
20 62 32
20 62 29
20 69 33
20 63 32
20 63 30
20 63 28
20 62 31
20 63 30
20 59 27
20 64 31
20 61 24
20 67 31
20 58 33
20 62 29
20 59 27
20 65 29
20 60 32
20 62 31
20 59 20
20 58 30
20 64 33
20 65 32
20 62 34
20 65 35
20 65 28
20 63 30
20 67 29
20 65 37
20 65 30
20 61 31
20 65 32
20 65 26
20 65 32
20 66 34
20 61 34
20 60 32
20 64 29
20 67 29
20 61 28
20 64 30
20 66 32
20 66 28
20 68 25
20 62 36
20 62 30
20 64 33
20 64 26
20 64 30
20 67 31
20 66 35
20 65 34
20 64 28
20 63 29
20 63 35
20 60 24
20 64 28
20 60 27
20 61 28
20 60 32
20 57 26
20 66 30
20 65 32
20 60 27
30 115 58
30 114 53
30 110 57
30 116 52
30 110 60
30 108 53
30 114 55
30 114 54
30 116 59
30 112 50
30 111 55
30 116 52
30 114 58
30 117 53
30 111 59
30 110 46
30 114 52
30 110 47
30 109 52
30 115 54
30 112 55
30 109 50
30 112 54
30 110 57
30 112 57
30 112 56
30 116 54
30 110 53
30 109 48
30 109 59
30 114 58
30 115 53
30 112 49
30 111 54
30 111 53
30 110 56
30 114 55
30 108 52
30 109 54
30 113 58
30 116 55
30 116 56
30 113 53
30 106 50
30 111 57
30 108 57
30 109 52
30 112 55
30 110 52
30 115 58
30 113 51
30 111 57
30 108 48
30 114 52
30 112 52
30 108 51
30 114 56
30 114 52
30 115 59
30 115 52
30 114 61
30 115 58
30 114 57
30 114 58
30 106 57
30 113 56
30 109 55
30 117 52
30 112 51
30 113 56
30 111 56
30 112 57
30 115 51
30 115 58
30 109 47
30 115 51
30 110 47
30 110 54
30 111 59
30 114 59
30 110 59
30 111 47
30 113 55
30 108 58
30 106 49
30 110 47
30 111 49
30 108 48
30 116 51
30 115 53
30 109 61
30 113 52
30 108 58
30 116 56
30 112 57
30 109 57
30 116 56
30 110 54
30 105 61
30 112 48
40 162 84
40 162 83
40 165 81
40 171 78
40 165 76
40 163 83
40 168 79
40 168 75
40 158 68
40 165 76
40 165 83
40 165 77
40 159 80
40 167 87
40 162 79
40 166 81
40 167 88
40 169 78
40 166 79
40 165 77
40 156 75
40 164 76
40 157 73
40 151 74
40 163 81
40 166 86
40 172 76
40 167 83
40 166 71
40 164 82
40 169 77
40 164 83
40 170 76
40 164 74
40 162 77
40 169 80
40 160 81
40 168 78
40 159 81
40 166 71
40 169 83
40 167 79
40 168 81
40 165 77
40 167 81
40 161 85
40 159 79
40 164 78
40 164 74
40 166 74
40 159 80
40 165 78
40 167 81
40 168 75
40 168 86
40 166 77
40 172 76
40 165 73
40 168 83
40 161 74
40 162 76
40 170 87
40 167 76
40 166 84
40 168 81
40 165 77
40 168 81
40 165 81
40 162 72
40 164 80
40 157 75
40 167 75
40 164 82
40 171 80
40 162 94
40 160 79
40 166 80
40 168 75
40 168 83
40 168 85
40 166 88
40 163 76
40 167 80
40 168 77
40 165 77
40 157 86
40 167 78
40 164 85
40 165 83
40 169 88
40 169 78
40 166 79
40 158 81
40 169 83
40 166 78
40 166 82
40 165 80
40 166 79
40 162 85
40 166 81
50 217 107
50 221 113
50 222 103
50 222 110
50 225 109
50 220 106
50 219 104
50 220 109
50 224 112
50 224 110
50 223 102
50 223 112
50 222 107
50 225 112
50 216 113
50 217 110
50 221 114
50 216 110
50 216 105
50 223 112
50 215 114
50 227 108
50 220 108
50 223 108
50 229 111
50 228 108
50 223 112
50 216 116
50 222 110
50 220 109
50 213 89
50 216 107
50 222 106
50 214 106
50 223 106
50 222 110
50 219 105
50 220 91
50 219 94
50 218 101
50 225 104
50 212 91
50 225 112
50 217 102
50 217 101
50 224 108
50 227 113
50 219 107
50 215 107
50 224 101
50 225 97
50 224 109
50 226 108
50 228 109
50 225 105
50 219 106
50 220 102
50 222 101
50 218 103
50 222 103
50 217 106
50 220 100
50 220 103
50 224 107
50 227 105
50 221 98
50 221 113
50 232 103
50 221 101
50 222 105
50 221 106
50 211 111
50 219 108
50 222 105
50 225 102
50 223 106
50 226 107
50 220 98
50 228 105
50 226 105
50 215 103
50 223 103
50 216 109
50 224 108
50 219 108
50 219 113
50 222 108
50 221 108
50 224 105
50 226 119
50 225 109
50 224 104
50 227 108
50 218 100
50 225 106
50 227 102
50 217 108
50 222 106
50 209 102
50 214 105
60 283 137
60 286 146
60 281 131
60 279 134
60 283 149
60 278 133
60 277 140
60 282 141
60 285 137
60 277 129
60 284 142
60 285 145
60 289 140
60 278 147
60 278 138
60 282 136
60 278 134
60 281 136
60 285 135
60 279 140
60 277 125
60 281 132
60 275 125
60 276 141
60 283 144
60 285 138
60 280 140
60 272 122
60 282 140
60 283 139
60 282 130
60 279 131
60 287 141
60 283 141
60 286 134
60 277 134
60 285 139
60 291 137
60 279 139
60 282 145
60 288 137
60 278 129
60 288 137
60 276 144
60 284 143
60 283 147
60 277 128
60 280 143
60 287 136
60 284 135
60 280 141
60 278 136
60 278 146
60 281 143
60 285 146
60 276 141
60 283 146
60 287 143
60 285 142
60 289 133
60 286 138
60 284 136
60 279 125
60 276 138
60 280 133
60 278 136
60 284 131
60 277 136
60 283 135
60 281 136
60 275 141
60 280 133
60 279 134
60 281 138
60 279 142
60 284 138
60 285 139
60 287 141
60 277 144
60 285 141
60 283 138
60 283 148
60 290 143
60 280 140
60 287 145
60 278 138
60 276 131
60 279 139
60 282 142
60 278 127
60 285 138
60 281 138
60 279 141
60 275 142
60 290 139
60 279 132
60 282 133
60 286 146
60 287 152
60 287 131
70 338 166
70 336 162
70 343 173
70 341 166
70 347 164
70 338 163
70 341 173
70 343 158
70 344 170
70 345 156
70 336 176
70 349 170
70 342 168
70 342 169
70 338 159
70 346 166
70 348 171
70 345 157
70 341 164
70 345 160
70 340 162
70 350 170
70 339 161
70 340 160
70 344 171
70 338 158
70 348 171
70 344 157
70 340 165
70 342 162
70 347 160
70 342 163
70 342 167
70 349 171
70 342 166
70 344 168
70 350 168
70 343 166
70 345 164
70 346 160
70 345 174
70 339 168
70 348 169
70 336 162
70 340 170
70 345 159
70 343 164
70 345 168
70 349 171
70 348 162
70 344 166
70 342 162
70 346 178
70 347 175
70 339 158
70 344 166
70 347 168
70 338 164
70 351 169
70 346 164
70 343 168
70 338 167
70 345 173
70 340 165
70 345 165
70 335 164
70 350 163
70 348 170
70 345 166
70 355 180
70 344 164
70 326 179
70 345 176
70 342 164
70 341 167
70 347 177
70 349 161
70 340 158
70 344 170
70 327 160
70 346 169
70 346 157
70 337 154
70 341 171
70 343 162
70 344 166
70 350 164
70 345 163
70 338 160
70 350 160
70 339 162
70 346 170
70 354 167
70 351 156
70 351 158
70 335 163
70 330 146
70 342 159
70 338 173
70 345 164
80 413 196
80 405 200
80 412 200
80 408 194
80 409 201
80 414 194
80 415 209
80 404 191
80 406 200
80 408 181
80 416 204
80 401 189
80 400 191
80 403 203
80 408 195
80 409 213
80 395 201
80 408 200
80 405 205
80 401 193
80 403 198
80 411 210
80 408 204
80 402 207
80 413 194
80 410 196
80 400 203
80 407 194
80 420 204
80 409 202
80 404 187
80 417 190
80 408 191
80 419 193
80 407 213
80 410 192
80 400 179
80 405 201
80 404 193
80 402 196
80 408 195
80 406 200
80 407 202
80 412 199
80 399 193
80 401 199
80 402 192
80 416 195
80 419 190
80 400 195
80 401 193
80 407 203
80 410 196
80 410 195
80 404 201
80 416 203
80 405 205
80 411 196
80 414 204
80 408 184
80 409 193
80 411 197
80 410 192
80 408 196
80 413 202
80 409 201
80 413 208
80 412 201
80 415 194
80 405 197
80 404 189
80 409 193
80 412 186
80 411 202
80 406 204
80 413 198
80 406 197
80 397 190
80 411 196
80 406 197
80 406 206
80 409 202
80 405 203
80 410 200
80 419 197
80 401 192
80 403 194
80 401 195
80 406 184
80 410 206
80 408 198
80 404 196
80 417 193
80 409 202
80 409 193
80 408 193
80 411 203
80 405 187
80 409 184
80 409 195
90 477 233
90 486 236
90 475 229
90 469 212
90 463 236
90 468 227
90 482 237
90 469 225
90 481 227
90 484 225
90 481 243
90 471 216
90 470 226
90 467 228
90 479 226
90 475 236
90 478 230
90 474 229
90 474 221
90 471 236
90 470 221
90 479 224
90 475 234
90 473 227
90 479 243
90 476 222
90 479 231
90 464 221
90 480 232
90 475 218
90 468 219
90 471 228
90 478 225
90 474 224
90 475 229
90 464 234
90 479 227
90 468 235
90 471 225
90 472 225
90 477 231
90 478 220
90 480 227
90 480 227
90 476 236
90 473 230
90 472 232
90 485 233
90 483 231
90 477 226
90 476 220
90 479 234
90 480 226
90 476 221
90 477 228
90 470 218
90 480 225
90 470 223
90 461 232
90 474 219
90 477 237
90 473 229
90 471 224
90 469 211
90 469 213
90 476 220
90 477 222
90 479 233
90 478 229
90 461 233
90 478 232
90 459 230
90 467 218
90 463 217
90 475 217
90 477 223
90 470 224
90 464 212
90 473 223
90 471 224
90 475 239
90 468 236
90 487 220
90 476 222
90 470 226
90 476 227
90 463 231
90 479 231
90 471 227
90 476 238
90 473 237
90 478 235
90 472 222
90 472 226
90 474 222
90 458 220
90 479 223
90 478 217
90 476 233
90 475 221
100 545 271
100 544 248
100 551 261
100 541 255
100 538 258
100 542 260
100 548 257
100 547 266
100 532 260
100 544 264
100 540 271
100 526 267
100 537 263
100 542 267
100 545 262
100 542 262
100 542 266
100 540 266
100 551 258
100 536 258
100 530 247
100 548 258
100 546 266
100 539 264
100 544 256
100 552 256
100 542 266
100 542 258
100 547 259
100 541 271
100 546 265
100 537 253
100 537 261
100 540 272
100 536 267
100 540 270
100 535 268
100 542 265
100 552 270
100 539 272
100 544 273
100 547 272
100 539 261
100 532 269
100 533 260
100 536 269
100 544 250
100 549 278
100 556 263
100 553 277
100 551 268
100 545 256
100 540 264
100 543 271
100 543 274
100 539 271
100 539 268
100 544 258
100 529 247
100 539 252
100 541 259
100 543 264
100 543 260
100 547 272
100 544 253
100 540 264
100 542 267
100 545 269
100 542 256
100 541 263
100 543 275
100 540 265
100 532 258
100 550 247
100 543 256
100 543 267
100 538 261
100 544 257
100 536 267
100 548 277
100 542 267
100 539 267
100 547 279
100 540 255
100 540 260
100 544 266
100 541 268
100 550 273
100 545 262
100 535 262
100 539 261
100 542 260
100 546 259
100 539 268
100 549 259
100 545 263
100 536 263
100 541 261
100 548 265
100 546 277
110 612 289
110 611 280
110 621 302
110 615 293
110 605 298
110 616 294
110 616 299
110 612 307
110 609 296
110 619 295
110 615 291
110 618 297
110 621 301
110 618 292
110 615 301
110 609 293
110 597 290
110 620 301
110 603 307
110 620 302
110 613 297
110 607 282
110 608 299
110 607 297
110 595 305
110 611 286
110 612 290
110 617 296
110 610 294
110 603 298
110 619 310
110 607 299
110 603 282
110 621 294
110 610 298
110 611 305
110 622 304
110 618 296
110 595 301
110 604 286
110 617 300
110 608 287
110 604 293
110 604 268
110 605 284
110 609 295
110 614 280
110 616 311
110 601 280
110 611 296
110 617 306
110 605 288
110 618 297
110 618 299
110 609 290
110 609 295
110 605 291
110 604 289
110 615 298
110 598 291
110 605 282
110 612 283
110 613 297
110 620 305
110 618 285
110 611 298
110 612 291
110 602 294
110 603 292
110 611 294
110 608 290
110 608 296
110 616 308
110 612 300
110 615 295
110 608 296
110 600 300
110 613 306
110 616 284
110 618 294
110 622 299
110 610 294
110 609 294
110 599 280
110 612 308
110 609 306
110 618 307
110 601 303
110 615 305
110 616 290
110 611 315
110 612 299
110 618 285
110 612 294
110 605 303
110 607 304
110 619 300
110 610 305
110 602 291
110 613 289
120 681 334
120 692 335
120 680 336
120 687 344
120 677 335
120 683 332
120 691 338
120 684 344
120 672 322
120 683 344
120 684 346
120 672 316
120 675 336
120 676 327
120 678 341
120 684 336
120 683 342
120 681 340
120 676 337
120 676 342
120 674 335
120 677 324
120 676 332
120 688 340
120 679 331
120 676 314
120 680 329
120 680 323
120 678 338
120 672 329
120 682 325
120 683 332
120 659 322
120 677 338
120 683 340
120 683 337
120 686 337
120 680 342
120 685 323
120 682 338
120 670 321
120 700 329
120 674 331
120 679 320
120 674 356
120 673 322
120 695 331
120 674 332
120 681 341
120 673 331
120 684 329
120 680 322
120 667 326
120 679 335
120 684 329
120 684 331
120 667 344
120 693 326
120 681 329
120 671 337
120 683 335
120 686 345
120 668 328
120 684 343
120 689 338
120 672 318
120 680 326
120 681 340
120 679 321
120 676 321
120 689 343
120 687 342
120 680 338
120 671 312
120 688 330
120 694 335
120 681 324
120 680 333
120 670 338
120 691 336
120 674 328
120 683 334
120 677 323
120 675 336
120 686 337
120 678 318
120 690 333
120 687 338
120 684 337
120 665 334
120 685 322
120 695 324
120 685 336
120 687 334
120 668 325
120 683 339
120 683 327
120 676 340
120 678 349
120 673 329
130 758 374
130 741 364
130 752 374
130 750 350
130 761 377
130 747 376
130 751 386
130 756 363
130 746 350
130 749 374
130 754 369
130 758 374
130 765 368
130 756 378
130 751 385
130 755 360
130 754 372
130 745 364
130 747 368
130 755 363
130 748 370
130 749 384
130 739 365
130 755 359
130 752 354
130 750 367
130 746 375
130 743 363
130 750 368
130 748 386
130 750 369
130 754 387
130 746 374
130 747 369
130 749 364
130 753 374
130 743 373
130 745 366
130 741 382
130 740 348
130 746 379
130 740 367
130 759 381
130 762 383
130 748 369
130 752 374
130 751 379
130 759 365
130 746 374
130 749 379
130 758 374
130 750 377
130 753 370
130 748 364
130 762 368
130 754 372
130 756 378
130 742 383
130 750 372
130 751 364
130 734 367
130 749 381
130 752 362
130 748 370
130 753 380
130 755 370
130 758 371
130 755 374
130 748 366
130 753 374
130 745 376
130 748 372
130 751 375
130 753 377
130 750 367
130 753 370
130 757 381
130 758 373
130 751 379
130 753 376
130 751 361
130 751 369
130 747 365
130 747 359
130 746 375
130 749 372
130 757 372
130 738 370
130 753 372
130 749 364
130 761 370
130 753 380
130 752 378
130 749 371
130 762 368
130 752 366
130 755 382
130 758 373
130 760 361
130 748 372
140 820 406
140 825 416
140 831 409
140 829 395
140 828 402
140 827 406
140 814 404
140 819 392
140 824 408
140 831 420
140 828 402
140 816 395
140 819 407
140 823 394
140 828 402
140 820 406
140 820 391
140 819 404
140 819 396
140 826 402
140 813 398
140 830 409
140 836 399
140 828 396
140 828 410
140 821 405
140 822 391
140 820 411
140 822 404
140 821 402
140 831 395
140 824 397
140 819 402
140 822 406
140 826 400
140 826 401
140 809 394
140 836 416
140 843 409
140 809 404
140 815 398
140 826 393
140 816 395
140 825 390
140 817 405
140 822 406
140 833 415
140 818 394
140 826 408
140 831 406
140 834 404
140 823 394
140 834 396
140 823 410
140 833 405
140 810 400
140 825 408
140 822 397
140 812 393
140 827 396
140 822 400
140 819 395
140 829 399
140 837 403
140 830 395
140 837 397
140 820 399
140 822 406
140 836 397
140 831 404
140 819 402
140 826 389
140 813 410
140 829 401
140 818 410
140 824 402
140 817 399
140 825 378
140 822 414
140 824 406
140 831 391
140 830 397
140 827 388
140 829 412
140 830 402
140 829 390
140 830 406
140 829 401
140 833 404
140 822 388
140 830 416
140 836 423
140 823 401
140 826 401
140 817 394
140 821 408
140 819 405
140 826 397
140 817 414
140 834 389
150 899 423
150 902 426
150 900 420
150 897 436
150 892 439
150 914 454
150 898 432
150 899 431
150 904 427
150 895 432
150 904 432
150 902 451
150 893 433
150 896 426
150 897 435
150 890 430
150 902 448
150 899 450
150 904 439
150 891 425
150 892 434
150 885 412
150 893 440
150 910 438
150 880 428
150 887 430
150 896 450
150 897 441
150 905 428
150 906 448
150 897 434
150 894 423
150 892 437
150 901 441
150 902 434
150 907 445
150 899 425
150 899 433
150 902 429
150 903 442
150 897 436
150 907 424
150 892 437
150 898 425
150 898 431
150 907 433
150 894 416
150 905 423
150 903 433
150 900 432
150 889 449
150 899 421
150 900 433
150 904 433
150 915 434
150 904 439
150 908 430
150 895 437
150 908 440
150 898 443
150 894 425
150 904 438
150 892 432
150 906 424
150 899 430
150 898 428
150 911 435
150 907 445
150 903 441
150 901 436
150 906 437
150 886 428
150 904 432
150 901 428
150 898 423
150 893 422
150 899 430
150 895 424
150 896 431
150 909 436
150 879 418
150 900 429
150 890 439
150 898 432
150 904 431
150 897 428
150 885 436
150 909 439
150 887 447
150 905 440
150 903 421
150 904 432
150 909 442
150 909 444
150 910 445
150 906 446
150 888 415
150 899 425
150 902 447
150 903 416
160 978 475
160 975 492
160 970 474
160 979 479
160 965 497
160 980 471
160 990 476
160 970 471
160 968 481
160 980 467
160 988 463
160 978 466
160 974 489
160 971 463
160 971 454
160 970 475
160 985 469
160 960 462
160 970 480
160 970 469
160 978 460
160 980 474
160 975 473
160 976 479
160 979 474
160 978 468
160 970 451
160 980 476
160 985 475
160 974 461
160 971 486
160 999 466
160 963 475
160 985 491
160 983 473
160 972 469
160 984 482
160 983 462
160 964 471
160 978 473
160 969 474
160 981 493
160 970 485
160 958 469
160 980 472
160 988 478
160 982 473
160 956 491
160 974 477
160 973 479
160 975 488
160 983 474
160 971 469
160 971 469
160 980 481
160 997 477
160 969 475
160 974 476
160 987 472
160 978 483
160 963 480
160 982 471
160 971 460
160 968 486
160 970 465
160 967 491
160 962 459
160 978 470
160 966 490
160 966 459
160 981 479
160 980 472
160 978 463
160 978 453
160 970 457
160 969 479
160 967 482
160 973 481
160 988 484
160 981 485
160 969 468
160 973 474
160 973 482
160 967 467
160 981 477
160 981 475
160 965 478
160 972 482
160 964 474
160 983 490
160 973 469
160 968 474
160 974 466
160 969 485
160 969 476
160 977 471
160 976 491
160 973 482
160 979 469
160 969 477
170 1041 505
170 1050 515
170 1046 508
170 1053 501
170 1050 497
170 1054 508
170 1060 484
170 1061 513
170 1060 503
170 1055 493
170 1049 517
170 1049 483
170 1042 500
170 1064 513
170 1045 513
170 1053 526
170 1057 502
170 1063 500
170 1050 510
170 1062 490
170 1056 503
170 1037 490
170 1045 504
170 1048 484
170 1054 519
170 1049 506
170 1056 507
170 1054 507
170 1049 492
170 1038 504
170 1048 510
170 1063 514
170 1041 487
170 1063 505
170 1042 517
170 1054 501
170 1032 498
170 1049 516
170 1054 511
170 1038 509
170 1051 495
170 1048 489
170 1063 508
170 1046 514
170 1047 503
170 1055 508
170 1053 499
170 1047 508
170 1051 502
170 1043 485
170 1045 512
170 1050 502
170 1053 498
170 1047 502
170 1058 514
170 1032 506
170 1059 501
170 1054 512
170 1053 488
170 1038 508
170 1046 506
170 1062 510
170 1047 496
170 1062 507
170 1051 505
170 1042 500
170 1051 509
170 1051 511
170 1041 495
170 1053 496
170 1062 494
170 1055 526
170 1061 511
170 1041 512
170 1055 503
170 1066 523
170 1057 511
170 1058 510
170 1045 508
170 1050 524
170 1053 506
170 1045 500
170 1050 512
170 1052 498
170 1059 502
170 1053 511
170 1052 501
170 1042 503
170 1044 494
170 1053 501
170 1052 503
170 1063 510
170 1045 520
170 1050 516
170 1041 502
170 1055 500
170 1063 493
170 1058 516
170 1037 496
170 1045 479
180 1129 546
180 1123 541
180 1117 533
180 1115 542
180 1139 539
180 1132 527
180 1129 558
180 1132 559
180 1135 550
180 1122 550
180 1140 549
180 1126 544
180 1138 545
180 1132 546
180 1128 547
180 1120 547
180 1121 533
180 1128 548
180 1130 539
180 1130 548
180 1125 551
180 1127 540
180 1127 557
180 1125 554
180 1135 545
180 1136 531
180 1130 541
180 1128 558
180 1134 549
180 1125 550
180 1128 545
180 1124 532
180 1124 547
180 1129 548
180 1115 542
180 1123 544
180 1138 565
180 1126 525
180 1122 535
180 1152 541
180 1122 553
180 1121 554
180 1126 554
180 1140 548
180 1117 528
180 1121 532
180 1127 541
180 1121 532
180 1121 548
180 1131 555
180 1129 538
180 1136 546
180 1136 537
180 1124 539
180 1126 535
180 1139 547
180 1116 544
180 1130 561
180 1129 552
180 1124 541
180 1126 539
180 1125 539
180 1121 558
180 1135 535
180 1129 558
180 1138 551
180 1120 539
180 1134 559
180 1122 549
180 1123 546
180 1130 533
180 1118 535
180 1138 536
180 1123 552
180 1117 534
180 1128 542
180 1131 559
180 1129 547
180 1132 541
180 1126 537
180 1128 539
180 1141 537
180 1115 529
180 1127 557
180 1122 546
180 1126 537
180 1120 527
180 1128 555
180 1137 551
180 1153 551
180 1121 539
180 1130 556
180 1119 521
180 1123 539
180 1122 536
180 1122 544
180 1127 532
180 1127 547
180 1126 550
180 1118 519
190 1197 580
190 1201 576
190 1207 588
190 1204 593
190 1203 583
190 1215 591
190 1201 585
190 1202 593
190 1211 596
190 1219 599
190 1213 579
190 1193 592
190 1204 583
190 1215 601
190 1185 575
190 1211 592
190 1205 589
190 1212 595
190 1204 587
190 1195 577
190 1213 604
190 1221 576
190 1208 582
190 1219 591
190 1203 592
190 1210 603
190 1200 599
190 1208 589
190 1192 599
190 1195 578
190 1200 594
190 1201 595
190 1210 583
190 1215 599
190 1201 583
190 1211 592
190 1209 587
190 1198 568
190 1197 603
190 1197 578
190 1201 584
190 1201 595
190 1203 588
190 1201 577
190 1186 587
190 1204 595
190 1199 596
190 1212 590
190 1220 604
190 1206 596
190 1198 579
190 1206 597
190 1216 589
190 1199 593
190 1208 578
190 1200 599
190 1213 591
190 1205 603
190 1206 580
190 1214 586
190 1207 578
190 1201 585
190 1205 587
190 1223 576
190 1205 585
190 1195 589
190 1200 573
190 1211 591
190 1194 580
190 1211 585
190 1203 594
190 1198 588
190 1219 600
190 1207 591
190 1201 577
190 1190 577
190 1222 599
190 1204 600
190 1194 574
190 1198 579
190 1198 592
190 1180 585
190 1189 589
190 1205 596
190 1205 596
190 1213 579
190 1194 579
190 1196 570
190 1192 595
190 1202 600
190 1212 603
190 1202 598
190 1198 595
190 1189 564
190 1192 571
190 1210 596
190 1198 577
190 1207 586
190 1200 585
190 1198 581
200 1277 632
200 1284 629
200 1276 617
200 1277 615
200 1291 640
200 1260 630
200 1287 634
200 1289 640
200 1272 633
200 1272 630
200 1276 629
200 1284 613
200 1282 628
200 1281 609
200 1272 630
200 1279 637
200 1279 625
200 1285 613
200 1301 629
200 1282 628
200 1283 633
200 1285 627
200 1283 631
200 1288 624
200 1281 624
200 1287 623
200 1288 621
200 1279 612
200 1272 631
200 1280 633
200 1291 633
200 1280 629
200 1284 633
200 1280 630
200 1278 628
200 1281 635
200 1290 628
200 1280 634
200 1292 614
200 1286 628
200 1289 612
200 1279 626
200 1279 616
200 1300 620
200 1261 629
200 1283 623
200 1275 605
200 1276 627
200 1281 631
200 1289 618
200 1284 624
200 1293 631
200 1282 619
200 1281 614
200 1279 612
200 1294 638
200 1284 625
200 1271 609
200 1286 638
200 1280 629
200 1277 612
200 1271 627
200 1273 620
200 1288 630
200 1287 628
200 1263 614
200 1270 607
200 1280 617
200 1285 630
200 1285 638
200 1282 610
200 1286 617
200 1274 616
200 1286 622
200 1270 625
200 1288 642
200 1290 635
200 1272 626
200 1270 636
200 1287 636
200 1269 619
200 1267 607
200 1276 624
200 1278 617
200 1284 623
200 1297 644
200 1286 607
200 1271 601
200 1277 622
200 1281 623
200 1279 635
200 1286 634
200 1285 624
200 1275 634
200 1270 613
200 1287 635
200 1282 623
200 1284 642
200 1292 621
200 1275 632
