10 24 17
10 20 14
10 22 16
10 29 24
10 22 18
10 21 16
10 25 21
10 29 12
10 24 13
10 27 20
10 20 15
10 26 21
10 29 11
10 26 11
10 27 27
10 21 15
10 21 15
10 28 10
10 29 18
10 24 12
10 33 23
10 22 18
10 24 14
10 24 22
10 27 17
10 20 17
10 22 16
10 21 13
10 21 20
10 28 17
10 26 12
10 21 13
10 28 30
10 30 19
10 24 12
10 25 22
10 27 25
10 33 22
10 21 15
10 21 18
10 31 20
10 27 19
10 22 20
10 26 17
10 29 27
10 21 14
10 26 15
10 30 22
10 23 15
10 23 22
10 22 20
10 21 16
10 19 12
10 23 22
10 27 14
10 27 14
10 25 12
10 27 25
10 27 14
10 21 19
10 20 18
10 24 19
10 22 13
10 27 30
10 20 18
10 27 20
10 20 16
10 21 18
10 23 19
10 28 14
10 25 26
10 21 17
10 29 16
10 21 21
10 27 21
10 26 19
10 23 16
10 21 13
10 21 12
10 27 23
10 24 19
10 26 22
10 31 26
10 24 17
10 26 17
10 27 13
10 21 20
10 31 28
10 23 17
10 20 19
10 21 15
10 24 16
10 21 20
10 27 19
10 28 9
10 22 18
10 31 14
10 20 15
10 25 15
10 22 18
20 66 43
20 79 78
20 71 61
20 84 68
20 66 44
20 65 47
20 66 36
20 56 40
20 62 35
20 86 75
20 59 43
20 61 35
20 67 52
20 69 41
20 90 73
20 55 42
20 74 56
20 73 60
20 95 75
20 67 47
20 61 37
20 59 36
20 78 61
20 68 49
20 74 48
20 62 51
20 69 60
20 68 45
20 79 50
20 60 41
20 63 51
20 65 34
20 68 59
20 83 71
20 76 59
20 63 43
20 70 36
20 73 55
20 69 58
20 62 39
20 75 45
20 62 49
20 62 43
20 70 39
20 83 63
20 87 56
20 73 62
20 62 42
20 64 51
20 72 49
20 85 42
20 76 59
20 56 39
20 68 51
20 68 56
20 62 44
20 72 54
20 77 60
20 91 67
20 77 49
20 88 60
20 73 41
20 74 49
20 62 39
20 90 62
20 71 54
20 61 33
20 58 50
20 66 35
20 74 37
20 67 51
20 68 50
20 85 56
20 63 38
20 64 35
20 64 48
20 69 43
20 63 45
20 67 37
20 71 56
20 79 70
20 81 46
20 65 45
20 69 37
20 64 41
20 61 47
20 67 41
20 64 51
20 67 50
20 61 48
20 79 66
20 67 38
20 72 49
20 77 39
20 74 56
20 76 59
20 79 50
20 63 41
20 72 44
20 64 41
30 163 100
30 125 75
30 125 60
30 127 107
30 135 104
30 111 77
30 108 73
30 136 111
30 115 84
30 121 98
30 129 97
30 137 89
30 125 100
30 116 68
30 136 64
30 173 78
30 123 86
30 125 60
30 133 70
30 110 81
30 120 75
30 149 84
30 121 68
30 132 79
30 129 96
30 112 71
30 114 76
30 103 69
30 128 85
30 161 102
30 135 83
30 111 81
30 148 82
30 123 91
30 127 80
30 118 85
30 126 97
30 124 106
30 106 67
30 125 67
30 123 70
30 137 70
30 112 75
30 190 60
30 125 72
30 117 80
30 119 76
30 124 76
30 114 61
30 122 74
30 122 69
30 139 107
30 131 88
30 126 74
30 116 69
30 109 72
30 123 71
30 123 97
30 131 84
30 126 93
30 138 83
30 121 83
30 121 64
30 141 77
30 160 104
30 131 77
30 123 77
30 133 100
30 111 84
30 139 99
30 121 77
30 126 98
30 167 138
30 133 68
30 135 57
30 109 71
30 146 100
30 111 86
30 128 98
30 117 76
30 119 82
30 123 72
30 110 75
30 118 90
30 111 76
30 150 71
30 208 149
30 114 59
30 109 59
30 123 86
30 116 84
30 118 67
30 131 87
30 121 97
30 108 74
30 116 78
30 147 98
30 109 71
30 112 74
30 130 56
40 245 149
40 259 171
40 197 142
40 193 154
40 212 143
40 192 109
40 196 99
40 179 107
40 217 136
40 187 110
40 172 109
40 176 119
40 181 135
40 178 121
40 212 154
40 192 98
40 197 154
40 173 122
40 203 140
40 176 148
40 192 133
40 200 142
40 236 187
40 180 104
40 219 109
40 172 92
40 183 130
40 163 85
40 162 98
40 162 98
40 156 94
40 230 113
40 189 113
40 185 149
40 192 104
40 232 150
40 211 130
40 162 116
40 223 143
40 171 93
40 210 117
40 183 120
40 216 109
40 183 99
40 170 110
40 162 103
40 178 93
40 199 101
40 165 125
40 172 102
40 171 102
40 168 94
40 199 93
40 210 137
40 212 171
40 168 96
40 203 139
40 167 102
40 187 137
40 158 109
40 178 115
40 208 111
40 157 101
40 206 78
40 185 98
40 238 104
40 180 104
40 175 100
40 219 91
40 169 124
40 270 184
40 189 110
40 206 110
40 228 158
40 209 139
40 181 93
40 200 120
40 177 105
40 194 122
40 253 138
40 218 152
40 198 103
40 168 124
40 171 121
40 194 116
40 193 109
40 182 125
40 207 119
40 165 109
40 163 98
40 207 137
40 199 93
40 204 124
40 211 121
40 186 106
40 192 137
40 178 116
40 197 143
40 208 79
40 183 99
50 290 173
50 266 155
50 242 159
50 257 148
50 221 137
50 231 164
50 252 160
50 241 168
50 241 165
50 226 129
50 230 142
50 269 172
50 247 124
50 245 112
50 221 132
50 244 129
50 278 184
50 235 177
50 260 110
50 320 151
50 257 166
50 261 155
50 268 181
50 226 127
50 226 121
50 254 154
50 297 146
50 266 186
50 259 179
50 268 192
50 250 172
50 231 152
50 225 135
50 226 153
50 275 183
50 270 145
50 253 156
50 291 179
50 238 134
50 244 119
50 223 148
50 250 127
50 247 156
50 324 175
50 255 116
50 248 196
50 264 121
50 223 132
50 228 161
50 227 150
50 244 170
50 236 121
50 222 138
50 222 125
50 265 167
50 268 150
50 222 152
50 254 174
50 249 138
50 244 162
50 340 222
50 267 147
50 299 246
50 278 217
50 267 188
50 236 127
50 250 130
50 255 185
50 277 196
50 252 165
50 324 157
50 268 195
50 278 214
50 253 201
50 271 185
50 234 148
50 255 169
50 238 180
50 255 200
50 266 140
50 254 168
50 234 160
50 244 170
50 275 159
50 240 168
50 239 128
50 276 179
50 244 141
50 260 166
50 221 150
50 321 144
50 272 175
50 226 146
50 243 172
50 331 157
50 298 175
50 215 130
50 260 164
50 301 164
50 244 120
60 307 221
60 365 264
60 365 220
60 314 243
60 293 163
60 322 222
60 298 214
60 308 228
60 306 159
60 319 181
60 304 158
60 357 198
60 298 184
60 312 205
60 339 236
60 331 245
60 297 173
60 303 172
60 343 210
60 318 215
60 319 236
60 393 316
60 340 212
60 332 191
60 366 263
60 381 164
60 290 205
60 388 208
60 326 208
60 319 218
60 332 201
60 379 304
60 310 213
60 360 215
60 312 163
60 300 159
60 293 180
60 335 213
60 328 202
60 282 206
60 364 186
60 294 209
60 310 195
60 427 224
60 301 161
60 304 187
60 421 220
60 306 184
60 323 215
60 370 195
60 303 173
60 349 154
60 345 210
60 342 187
60 332 177
60 353 245
60 311 216
60 313 181
60 318 181
60 305 215
60 289 185
60 335 264
60 360 200
60 333 265
60 287 184
60 304 231
60 373 242
60 385 183
60 324 190
60 320 220
60 336 239
60 360 213
60 313 232
60 326 221
60 278 175
60 307 189
60 308 186
60 289 181
60 289 204
60 312 203
60 324 178
60 305 167
60 301 219
60 280 164
60 335 229
60 322 183
60 322 213
60 340 257
60 359 181
60 331 205
60 370 138
60 290 184
60 306 177
60 291 185
60 368 254
60 386 246
60 308 181
60 340 214
60 316 209
60 298 201
70 410 266
70 395 207
70 367 219
70 536 321
70 403 260
70 405 235
70 388 235
70 372 229
70 415 273
70 413 161
70 412 261
70 397 224
70 370 228
70 375 250
70 391 266
70 483 287
70 406 247
70 375 258
70 423 259
70 392 201
70 351 217
70 397 194
70 420 216
70 400 237
70 390 271
70 393 284
70 413 238
70 413 243
70 437 339
70 424 228
70 432 223
70 413 264
70 430 225
70 381 207
70 374 273
70 467 330
70 469 301
70 533 365
70 401 254
70 492 283
70 425 260
70 399 281
70 466 233
70 432 303
70 381 261
70 368 206
70 375 220
70 503 183
70 391 276
70 402 219
70 342 208
70 451 290
70 379 241
70 533 235
70 358 231
70 427 244
70 481 236
70 431 312
70 379 234
70 391 187
70 384 225
70 360 231
70 498 236
70 389 268
70 379 222
70 435 280
70 353 215
70 404 273
70 392 208
70 437 261
70 353 217
70 365 213
70 391 209
70 355 193
70 426 280
70 421 304
70 383 242
70 355 243
70 349 235
70 415 314
70 444 237
70 384 258
70 379 245
70 347 259
70 366 249
70 415 295
70 368 225
70 345 243
70 511 306
70 414 218
70 396 184
70 425 256
70 377 256
70 352 246
70 397 206
70 449 293
70 431 267
70 366 199
70 408 249
70 415 275
80 531 312
80 449 303
80 508 342
80 591 242
80 458 265
80 474 259
80 493 330
80 435 221
80 452 226
80 503 329
80 525 301
80 449 281
80 561 354
80 443 314
80 421 268
80 439 293
80 443 252
80 508 374
80 440 303
80 504 327
80 485 287
80 434 239
80 423 273
80 498 357
80 526 242
80 495 261
80 456 250
80 615 350
80 500 324
80 440 239
80 539 352
80 473 310
80 446 286
80 430 265
80 585 300
80 501 227
80 434 250
80 460 262
80 419 300
80 460 253
80 482 288
80 514 398
80 445 312
80 485 320
80 410 282
80 458 286
80 415 246
80 462 240
80 484 264
80 468 357
80 471 319
80 540 375
80 515 275
80 472 339
80 533 325
80 415 281
80 582 275
80 532 253
80 470 300
80 439 235
80 440 203
80 476 252
80 487 308
80 585 435
80 468 265
80 433 228
80 433 283
80 526 326
80 552 308
80 473 299
80 422 240
80 518 224
80 419 276
80 445 312
80 466 259
80 440 266
80 446 257
80 504 228
80 452 231
80 509 306
80 454 302
80 465 246
80 449 323
80 505 322
80 529 302
80 550 396
80 573 338
80 520 298
80 502 282
80 527 328
80 458 241
80 449 275
80 413 283
80 434 268
80 502 261
80 506 245
80 540 253
80 455 278
80 476 298
80 446 277
90 522 269
90 536 281
90 488 322
90 502 286
90 549 322
90 618 424
90 516 315
90 584 363
90 490 296
90 612 362
90 502 320
90 519 321
90 579 391
90 557 393
90 633 397
90 636 359
90 614 453
90 636 293
90 554 306
90 516 341
90 608 405
90 600 382
90 526 335
90 592 373
90 490 263
90 546 325
90 550 338
90 524 266
90 616 302
90 537 314
90 543 267
90 601 450
90 572 385
90 527 409
90 671 368
90 557 415
90 581 282
90 555 344
90 545 403
90 698 507
90 517 303
90 517 311
90 583 421
90 669 398
90 605 344
90 542 340
90 509 333
90 507 315
90 604 284
90 575 386
90 557 343
90 492 316
90 515 307
90 501 268
90 556 333
90 596 428
90 641 411
90 583 309
90 506 322
90 542 358
90 545 305
90 552 335
90 516 339
90 567 314
90 578 332
90 478 283
90 593 407
90 516 305
90 561 352
90 537 294
90 517 302
90 659 468
90 504 358
90 648 344
90 600 346
90 534 251
90 512 296
90 583 297
90 519 315
90 598 316
90 557 410
90 551 384
90 574 366
90 620 337
90 501 309
90 543 310
90 560 313
90 640 451
90 553 296
90 510 310
90 536 306
90 582 381
90 519 313
90 523 315
90 512 323
90 526 337
90 519 327
90 520 356
90 505 285
90 505 334
100 578 388
100 579 365
100 711 473
100 635 402
100 659 397
100 732 476
100 603 403
100 594 430
100 613 368
100 669 417
100 834 496
100 608 337
100 575 377
100 592 335
100 554 371
100 633 343
100 660 371
100 562 319
100 646 427
100 697 325
100 590 330
100 628 456
100 666 407
100 711 431
100 633 449
100 670 471
100 616 436
100 756 550
100 614 414
100 592 378
100 602 304
100 748 515
100 790 521
100 618 391
100 570 315
100 686 399
100 610 297
100 681 437
100 640 366
100 666 438
100 595 412
100 697 415
100 629 395
100 579 315
100 644 333
100 645 436
100 652 382
100 684 410
100 711 377
100 579 378
100 668 424
100 570 359
100 665 377
100 755 573
100 682 401
100 680 434
100 673 459
100 617 380
100 660 372
100 647 447
100 558 343
100 799 404
100 669 393
100 733 552
100 621 364
100 548 336
100 625 322
100 710 435
100 592 338
100 602 323
100 629 394
100 539 335
100 607 372
100 613 421
100 748 421
100 629 339
100 582 317
100 663 408
100 599 395
100 672 426
100 586 399
100 745 478
100 630 404
100 569 342
100 625 410
100 676 395
100 631 385
100 575 371
100 620 317
100 565 407
100 694 381
100 586 354
100 695 379
100 786 356
100 605 440
100 581 324
100 651 496
100 615 416
100 690 416
100 619 367
110 756 471
110 654 445
110 740 411
110 673 393
110 731 470
110 784 437
110 748 470
110 698 367
110 672 436
110 684 495
110 1046 589
110 727 465
110 633 363
110 832 552
110 717 399
110 682 434
110 707 524
110 739 416
110 635 382
110 812 458
110 701 343
110 698 405
110 677 466
110 703 384
110 698 405
110 791 512
110 748 460
110 773 378
110 687 432
110 691 420
110 752 347
110 660 394
110 848 432
110 655 429
110 753 432
110 811 532
110 778 565
110 719 384
110 710 360
110 834 384
110 683 424
110 885 467
110 660 408
110 694 443
110 687 347
110 728 463
110 684 373
110 701 407
110 721 346
110 693 424
110 710 417
110 677 415
110 719 437
110 712 460
110 645 411
110 831 509
110 778 473
110 625 414
110 792 404
110 761 479
110 770 459
110 696 459
110 645 385
110 723 423
110 717 466
110 806 493
110 680 464
110 731 522
110 661 344
110 692 404
110 892 375
110 732 417
110 768 460
110 719 435
110 826 587
110 650 424
110 677 362
110 735 421
110 723 483
110 716 399
110 754 340
110 642 390
110 712 391
110 776 315
110 631 366
110 874 452
110 734 448
110 658 391
110 676 447
110 694 349
110 751 437
110 651 431
110 673 456
110 786 591
110 692 491
110 811 392
110 696 453
110 657 434
110 807 532
110 782 509
120 966 641
120 766 502
120 788 586
120 869 628
120 870 500
120 918 594
120 753 486
120 779 414
120 768 486
120 739 422
120 842 545
120 798 388
120 792 442
120 941 622
120 751 507
120 869 440
120 837 415
120 758 506
120 762 449
120 753 501
120 857 638
120 834 443
120 891 477
120 793 491
120 1158 492
120 791 458
120 841 466
120 835 408
120 941 480
120 783 454
120 867 482
120 992 493
120 723 454
120 791 506
120 724 389
120 1025 604
120 814 386
120 876 558
120 816 574
120 955 465
120 850 596
120 795 517
120 741 502
120 812 513
120 890 482
120 817 405
120 817 431
120 1055 616
120 776 467
120 768 444
120 763 463
120 885 475
120 763 477
120 773 523
120 807 434
120 777 463
120 769 467
120 761 455
120 764 445
120 826 629
120 747 442
120 752 463
120 802 454
120 790 415
120 900 563
120 859 466
120 730 429
120 923 470
120 751 467
120 800 438
120 819 478
120 862 430
120 781 540
120 917 603
120 815 509
120 873 370
120 762 429
120 790 502
120 767 484
120 712 468
120 769 430
120 760 458
120 871 474
120 908 604
120 800 442
120 749 422
120 768 489
120 817 441
120 713 438
120 721 495
120 773 468
120 722 397
120 751 453
120 804 484
120 873 496
120 847 475
120 821 373
120 732 414
120 855 432
120 795 448
130 796 539
130 1000 744
130 996 678
130 921 587
130 902 545
130 990 490
130 922 515
130 1081 669
130 840 498
130 919 517
130 902 533
130 956 564
130 889 497
130 782 498
130 868 480
130 851 525
130 896 614
130 862 498
130 842 570
130 953 580
130 893 620
130 864 540
130 842 552
130 812 552
130 847 501
130 929 644
130 951 580
130 819 497
130 876 543
130 945 650
130 1217 792
130 826 454
130 899 586
130 878 543
130 929 556
130 805 482
130 846 537
130 853 490
130 849 453
130 932 474
130 998 396
130 882 653
130 918 548
130 881 502
130 924 411
130 965 437
130 989 536
130 903 519
130 875 475
130 881 532
130 803 495
130 1004 576
130 817 522
130 806 444
130 836 498
130 1051 514
130 942 492
130 972 584
130 1057 591
130 984 602
130 864 598
130 1039 655
130 995 519
130 768 491
130 835 467
130 869 494
130 941 655
130 801 508
130 772 480
130 781 547
130 1061 446
130 883 493
130 828 537
130 1029 806
130 951 501
130 933 522
130 906 518
130 809 518
130 1059 555
130 963 546
130 803 462
130 869 459
130 865 586
130 840 466
130 886 462
130 876 482
130 854 512
130 833 555
130 979 562
130 928 627
130 901 471
130 910 551
130 843 532
130 876 454
130 900 540
130 874 487
130 969 667
130 810 517
130 1064 542
130 863 450
140 1045 566
140 1283 887
140 865 538
140 984 496
140 1194 606
140 1015 723
140 1161 663
140 1049 648
140 992 524
140 956 665
140 954 575
140 1077 474
140 989 558
140 1038 615
140 988 636
140 897 628
140 874 533
140 980 640
140 968 600
140 885 625
140 941 607
140 1222 717
140 1006 670
140 1106 683
140 1012 466
140 996 705
140 993 541
140 870 579
140 989 633
140 1062 771
140 997 559
140 998 550
140 1050 603
140 1004 551
140 1183 657
140 1000 623
140 940 578
140 936 513
140 1000 558
140 1152 626
140 906 595
140 883 534
140 961 531
140 1086 754
140 1057 621
140 966 512
140 940 569
140 948 603
140 873 529
140 950 509
140 1014 597
140 1119 505
140 1024 703
140 910 543
140 983 518
140 849 520
140 954 631
140 933 555
140 1070 821
140 1018 654
140 1283 653
140 1134 540
140 916 589
140 1003 548
140 994 608
140 1112 523
140 1048 616
140 1166 526
140 845 574
140 900 499
140 1139 690
140 914 583
140 1032 734
140 1077 813
140 991 537
140 1122 507
140 1068 573
140 1182 894
140 935 531
140 1170 686
140 1027 590
140 930 489
140 985 591
140 1025 614
140 914 561
140 1029 587
140 1166 754
140 1046 498
140 1324 561
140 1071 634
140 1122 806
140 964 552
140 908 572
140 1031 693
140 1091 657
140 960 539
140 986 675
140 937 597
140 992 722
140 915 529
150 1040 581
150 1036 596
150 1087 587
150 1183 634
150 999 525
150 963 621
150 1224 696
150 965 638
150 1060 713
150 1073 552
150 1073 603
150 1080 672
150 1076 744
150 1126 773
150 1191 748
150 1214 611
150 1155 553
150 1043 654
150 1046 618
150 1073 670
150 1070 559
150 1069 697
150 1144 541
150 1038 635
150 1022 574
150 1048 714
150 967 513
150 926 565
150 1130 644
150 1122 575
150 1220 752
150 1056 643
150 1079 644
150 1073 552
150 1011 614
150 1046 662
150 1051 597
150 1018 581
150 1049 602
150 1141 694
150 1097 555
150 1012 664
150 1114 777
150 1022 547
150 1361 708
150 1104 683
150 1113 747
150 1050 718
150 988 648
150 1022 613
150 930 524
150 1064 549
150 1074 591
150 1043 665
150 1042 612
150 1154 610
150 1210 664
150 1065 611
150 1082 677
150 1042 585
150 1013 614
150 1248 887
150 1159 521
150 1318 737
150 1060 496
150 1103 685
150 954 572
150 1075 557
150 1057 649
150 1172 688
150 978 607
150 1171 689
150 942 688
150 1012 653
150 1043 564
150 969 610
150 1134 740
150 1077 647
150 1004 559
150 1099 585
150 942 667
150 1072 694
150 1277 440
150 988 557
150 1066 682
150 1087 592
150 985 631
150 1126 669
150 1078 719
150 1073 711
150 1259 745
150 937 636
150 1106 525
150 1138 720
150 1050 705
150 1076 510
150 1212 690
150 1205 694
150 1081 767
150 957 590
160 1252 617
160 1204 761
160 1361 668
160 1323 558
160 1159 580
160 1218 750
160 1072 639
160 1181 721
160 1228 731
160 1382 855
160 1470 660
160 1243 596
160 1190 610
160 957 603
160 1318 616
160 1151 716
160 1203 909
160 1082 631
160 1167 692
160 1184 713
160 1130 620
160 1255 740
160 1103 624
160 1073 595
160 1082 601
160 1064 624
160 1196 639
160 1170 607
160 1069 609
160 1148 649
160 1150 703
160 1130 748
160 1087 714
160 1022 620
160 1123 664
160 1126 591
160 1079 561
160 1154 657
160 1293 732
160 1186 585
160 1110 696
160 1131 761
160 1091 606
160 1212 635
160 1255 688
160 1068 556
160 1023 678
160 1231 698
160 1136 563
160 1084 687
160 1214 733
160 1081 652
160 1149 701
160 1145 775
160 1178 832
160 1197 615
160 1208 662
160 1083 667
160 1112 622
160 1063 632
160 1201 806
160 1261 721
160 1113 610
160 1087 676
160 1142 560
160 1109 650
160 1188 558
160 1112 687
160 1456 896
160 1231 778
160 1172 701
160 1233 748
160 1153 601
160 1101 791
160 1301 611
160 1103 689
160 1052 624
160 1065 658
160 1307 673
160 1231 676
160 1054 665
160 1189 661
160 1132 755
160 1163 646
160 1147 693
160 1097 536
160 1056 649
160 1089 667
160 1086 639
160 1433 732
160 1219 743
160 1337 637
160 1062 531
160 1276 758
160 1304 643
160 1367 784
160 1188 575
160 1111 691
160 1132 650
160 1305 945
170 1129 618
170 1241 756
170 1201 797
170 1359 832
170 1254 607
170 1261 712
170 1348 867
170 1182 860
170 1326 645
170 1219 596
170 1265 672
170 1101 666
170 1370 878
170 1403 714
170 1407 863
170 1308 720
170 1299 761
170 1275 672
170 1308 669
170 1309 924
170 1289 835
170 1370 657
170 1173 777
170 1212 789
170 1192 673
170 1301 772
170 1154 685
170 1132 704
170 1170 651
170 1245 850
170 1260 624
170 1194 712
170 1207 648
170 1425 792
170 1182 667
170 1320 879
170 1255 789
170 1271 785
170 1532 1074
170 1218 742
170 1325 704
170 1142 706
170 1229 806
170 1284 717
170 1208 675
170 1396 840
170 1413 835
170 1212 771
170 1164 661
170 1248 557
170 1316 651
170 1305 688
170 1249 685
170 1413 931
170 1388 850
170 1251 878
170 1075 664
170 1292 580
170 1341 742
170 1369 647
170 1266 608
170 1187 805
170 1206 714
170 1134 615
170 1235 900
170 1283 688
170 1260 653
170 1370 898
170 1303 753
170 1214 712
170 1403 772
170 1441 730
170 1352 935
170 1330 695
170 1202 659
170 1279 862
170 1172 806
170 1171 624
170 1182 800
170 1290 740
170 1358 765
170 1147 630
170 1204 661
170 1341 867
170 1495 738
170 1233 621
170 1108 636
170 1315 909
170 1172 666
170 1213 727
170 1312 971
170 1251 799
170 1277 889
170 1347 758
170 1200 781
170 1364 891
170 1277 868
170 1341 697
170 1191 671
170 1273 640
180 1463 927
180 1328 709
180 1370 925
180 1332 810
180 1295 778
180 1243 762
180 1457 818
180 1392 785
180 1250 729
180 1366 729
180 1312 778
180 1224 605
180 1209 658
180 1228 769
180 1290 681
180 1392 908
180 1472 962
180 1421 925
180 2118 1403
180 1396 957
180 1293 793
180 1277 802
180 1373 822
180 1342 821
180 1187 704
180 1333 634
180 1227 838
180 1336 869
180 1475 789
180 1324 855
180 1315 696
180 1316 728
180 1374 797
180 1548 968
180 1354 798
180 1500 875
180 1343 612
180 1323 820
180 1350 670
180 1317 671
180 1473 861
180 1291 650
180 1423 870
180 1245 832
180 1286 686
180 1467 812
180 1370 886
180 1461 799
180 1607 955
180 1303 759
180 1362 793
180 1360 680
180 1777 1043
180 1424 740
180 1253 758
180 1399 853
180 1460 871
180 1215 723
180 1458 880
180 1380 731
180 1513 905
180 1319 903
180 1364 870
180 1360 792
180 1267 774
180 1374 728
180 1516 917
180 1213 758
180 1464 759
180 1277 812
180 1272 663
180 1374 774
180 1340 805
180 1391 832
180 1398 859
180 1294 863
180 1334 829
180 1231 795
180 1352 845
180 1444 834
180 1367 916
180 1353 708
180 1411 938
180 1510 858
180 1541 836
180 1231 713
180 1345 749
180 1442 900
180 1425 898
180 1739 1149
180 1374 668
180 1314 830
180 1238 698
180 1378 747
180 1373 771
180 1212 792
180 1419 831
180 1482 850
180 1308 793
180 1300 848
190 1343 864
190 1390 739
190 1465 958
190 1792 846
190 1474 718
190 1394 894
190 1693 1176
190 1433 850
190 1484 774
190 1478 792
190 1271 807
190 1316 671
190 1326 825
190 1480 1017
190 1434 819
190 1787 1022
190 1594 799
190 1396 749
190 1257 751
190 1586 842
190 1403 769
190 1355 906
190 1673 1057
190 1372 692
190 1819 1121
190 1318 858
190 1650 1183
190 1538 805
190 1487 756
190 1375 670
190 1413 735
190 1364 882
190 1517 898
190 1617 920
190 1438 880
190 1301 778
190 1514 958
190 1443 928
190 1475 878
190 1429 825
190 1342 850
190 1305 797
190 1451 883
190 1572 959
190 1476 963
190 1488 898
190 1479 719
190 1498 860
190 1743 917
190 1365 790
190 1465 777
190 1295 825
190 1466 823
190 1412 937
190 1537 973
190 1505 1037
190 1407 672
190 1347 854
190 1548 977
190 1448 808
190 1622 854
190 1530 805
190 1634 1207
190 1446 916
190 1512 745
190 1508 891
190 1369 912
190 1493 846
190 1375 940
190 1348 905
190 1603 1121
190 1413 764
190 1367 809
190 1570 839
190 1602 998
190 1522 815
190 1292 754
190 1478 834
190 1497 780
190 1451 924
190 1598 1104
190 1363 827
190 1440 991
190 1523 1008
190 1559 672
190 1386 836
190 1714 1040
190 1555 802
190 1420 754
190 1310 805
190 1477 823
190 1734 855
190 1835 1128
190 1455 850
190 1312 762
190 1490 876
190 1383 828
190 1407 950
190 1430 717
190 1576 1004
200 1461 911
200 1463 774
200 1438 855
200 1525 955
200 1733 823
200 1673 854
200 1538 940
200 1641 852
200 1475 844
200 1434 890
200 1411 784
200 1424 867
200 1571 1084
200 1614 1125
200 1595 1087
200 1596 1027
200 1578 1111
200 1432 885
200 1629 1089
200 1766 797
200 1398 716
200 1598 1015
200 1703 1142
200 1456 845
200 1590 870
200 1672 983
200 1520 1017
200 1409 854
200 1541 1016
200 1521 916
200 1384 891
200 1464 866
200 1405 797
200 1362 854
200 1607 1027
200 1663 1068
200 1811 1064
200 1818 1215
200 1471 979
200 1710 852
200 1847 1202
200 1514 905
200 1579 1033
200 1789 1125
200 1595 867
200 1543 987
200 1503 1009
200 1442 867
200 1549 851
200 1684 1130
200 1561 998
200 1434 710
200 1552 979
200 1488 907
200 1390 887
200 1418 814
200 1676 930
200 1681 1138
200 1715 699
200 1471 909
200 1578 776
200 1652 987
200 1476 883
200 1389 831
200 1515 999
200 1795 1260
200 1392 758
200 1772 989
200 1572 1080
200 1585 825
200 1448 770
200 1614 1082
200 1452 901
200 1431 852
200 1572 852
200 1477 947
200 1521 886
200 1506 964
200 1616 866
200 1532 816
200 1716 1020
200 1793 1142
200 1741 783
200 1510 855
200 1347 948
200 1650 1073
200 1634 1059
200 1476 875
200 1616 928
200 1520 923
200 1480 898
200 1676 1164
200 1691 1042
200 1613 903
200 1524 918
200 1618 1140
200 1409 863
200 1600 1033
200 1427 814
200 1538 912
