2888.0 1964.0 1404.0 380
57 58
63 56
63 54
64 48
63 47
63 44
64 42
63 35
63 38
63 33
64 27
63 26
64 21
63 23
63 17
62 10
71 9
74 6
80 5
86 9
84 6
80 15
71 25
71 28
71 29
71 35
71 37
71 39
71 40
77 42
74 45
84 45
86 40
80 31
86 29
87 25
99 17
99 34
99 51
99 68
99 85
99 102
99 104
87 95
86 94
86 91
87 89
86 85
86 82
86 80
87 74
86 73
86 70
86 64
87 68
84 59
84 55
84 50
74 50
78 53
79 54
78 56
74 56
79 58
78 60
74 60
71 64
71 65
72 67
71 69
71 70
71 74
71 73
71 75
63 79
64 78
71 80
71 85
71 82
71 86
72 88
71 90
71 91
71 94
71 96
71 95
71 101
71 103
74 107
80 105
86 101
86 103
81 112
84 115
81 116
84 119
84 125
86 127
80 129
80 135
80 132
84 133
84 136
84 138
86 141
80 147
87 157
80 160
74 162
70 167
71 157
63 148
63 150
57 152
56 152
54 167
48 153
48 150
48 148
38 155
38 150
32 153
33 154
32 156
33 158
38 159
42 167
32 160
28 160
28 156
28 150
15 145
15 147
17 150
14 167
11 156
2 150
5 147
5 145
5 142
2 139
2 137
5 131
5 127
5 121
5 116
8 113
5 112
5 108
0 108
2 104
2 103
0 97
2 93
2 90
2 87
2 89
2 85
5 82
5 78
5 75
11 76
11 73
2 70
0 71
3 63
2 62
0 60
2 52
0 49
2 49
3 47
2 46
2 35
0 33
2 32
3 30
2 29
0 28
2 22
0 24
0 23
0 22
0 21
0 20
2 20
3 19
2 18
2 11
2 12
5 8
9 10
15 11
12 5
15 8
25 6
32 10
38 11
40 14
40 6
48 10
51 7
54 0
57 5
57 9
56 9
48 17
48 18
49 20
48 23
48 22
48 26
48 27
48 28
48 35
48 33
40 37
38 36
38 24
40 25
25 28
25 25
25 21
25 17
25 14
25 12
25 11
17 20
15 30
17 32
25 35
25 40
25 37
18 38
15 47
17 49
18 55
25 52
25 54
26 53
25 60
25 62
15 64
18 70
25 79
25 83
26 81
25 78
25 75
25 74
28 70
28 68
28 65
34 67
34 64
34 52
34 56
38 53
41 43
48 38
48 39
49 41
48 43
48 44
48 47
48 48
48 49
48 54
48 56
40 54
38 65
38 68
38 70
40 75
40 78
41 82
40 87
40 84
41 88
40 94
40 96
40 99
41 103
48 105
48 106
48 107
48 108
40 105
40 108
41 109
40 115
34 117
34 121
25 115
25 109
25 110
25 108
25 105
25 104
26 102
25 100
25 99
25 96
25 94
25 88
25 89
25 87
25 84
17 85
17 87
17 90
10 92
11 92
17 104
11 106
12 109
15 112
15 116
15 121
15 126
15 130
9 124
10 125
9 127
10 129
9 131
11 133
11 141
11 144
15 142
28 145
31 142
28 141
28 135
28 131
28 123
28 127
35 128
35 132
38 131
38 135
38 141
38 145
48 143
48 142
48 141
48 138
48 137
49 135
48 133
48 132
57 124
55 124
63 132
64 136
63 138
63 141
64 142
71 141
74 138
74 136
74 133
74 131
71 127
71 126
74 125
74 119
74 115
74 111
64 108
63 105
63 107
64 95
64 89
48 93
49 94
48 91
48 90
48 79
48 80
57 58
