11900.0 8070.0 10684.0 2086
18 96
15 97
12 94
11 94
9 94
10 94
10 98
11 98
15 99
15 102
15 109
15 111
15 113
17 115
17 116
17 117
17 120
11 124
17 122
17 121
25 113
25 115
25 112
25 110
25 108
25 107
25 105
28 109
31 110
32 110
34 110
38 112
38 119
35 116
34 113
33 111
33 113
32 113
28 115
28 119
25 121
25 125
25 123
31 121
32 124
32 121
33 122
34 121
38 123
40 125
41 131
41 133
40 134
34 136
25 131
25 132
25 134
25 133
15 135
17 137
17 138
17 141
18 147
17 150
18 149
17 153
18 159
18 161
17 162
11 164
10 164
9 164
5 166
2 167
2 166
2 164
2 162
0 162
2 161
2 160
2 159
2 153
0 155
2 150
2 149
0 148
2 148
2 147
9 152
9 140
10 134
11 134
5 135
2 136
2 138
2 141
0 141
2 137
2 134
0 135
2 128
2 130
0 128
0 127
0 121
0 120
2 122
2 121
2 120
2 119
2 117
2 116
2 115
2 114
0 113
2 112
2 110
5 109
5 111
5 113
10 112
11 112
11 110
10 110
11 106
10 106
9 106
8 106
5 105
2 105
2 106
2 108
2 107
0 106
0 105
2 103
2 102
2 100
0 99
0 97
2 98
5 99
9 100
11 100
10 101
11 103
10 103
9 103
8 100
5 97
2 94
0 92
2 91
2 92
2 90
0 89
5 87
5 85
5 81
2 81
2 82
0 81
0 78
2 79
2 77
9 79
10 79
10 73
11 73
9 73
5 75
2 76
2 75
2 73
0 73
0 71
2 71
2 70
2 68
2 66
0 64
2 64
5 65
8 66
9 66
10 67
11 66
10 64
11 64
5 62
5 60
5 58
11 59
11 56
10 56
9 56
10 54
11 54
11 51
10 51
9 51
9 48
11 48
10 48
11 45
10 46
9 45
8 45
5 44
5 42
2 41
2 43
2 45
2 47
2 48
5 50
5 53
5 55
2 58
0 57
2 56
2 54
2 53
2 51
2 50
0 50
0 49
0 48
0 47
0 46
0 45
0 44
0 43
0 41
2 39
2 38
2 37
0 36
2 36
5 35
2 34
2 33
0 33
0 32
0 30
0 29
0 25
0 22
0 17
0 15
5 17
5 21
2 23
2 24
2 25
2 28
2 31
5 33
9 31
10 31
11 31
10 34
11 34
15 35
17 25
17 28
17 24
11 15
11 12
11 10
10 10
5 14
5 11
2 10
0 9
0 8
0 10
5 8
12 5
16 0
17 0
19 0
18 0
15 8
15 11
25 12
25 10
28 8
28 6
34 5
38 6
51 6
48 9
57 19
57 22
51 21
48 16
38 18
38 16
38 8
34 10
33 10
32 10
35 13
34 17
40 21
40 22
38 27
38 25
34 24
33 24
33 26
34 26
34 28
33 28
32 28
33 31
34 31
34 33
38 32
38 35
34 36
33 34
32 33
31 33
28 30
28 27
28 25
28 18
28 12
28 16
25 20
25 21
25 22
25 24
25 26
25 28
25 30
25 31
28 32
25 33
25 35
17 38
17 37
17 39
15 42
11 41
10 41
10 43
11 43
15 44
15 47
15 55
15 60
15 62
15 65
15 68
17 70
25 78
25 76
34 72
34 70
33 69
31 69
32 69
35 63
34 63
33 63
32 63
31 63
28 67
25 61
25 60
25 58
25 57
25 56
25 53
25 52
28 49
34 45
33 45
32 45
31 45
25 46
25 43
25 41
28 38
31 41
32 41
33 42
34 41
35 45
38 43
41 47
41 48
48 42
48 40
48 38
48 39
48 37
48 34
48 35
48 33
61 43
57 42
56 42
51 43
48 44
48 45
48 46
48 47
48 49
40 53
40 57
40 58
40 61
41 64
41 65
41 68
41 67
41 69
48 63
48 61
51 59
48 54
48 52
48 53
58 56
51 67
51 70
51 78
51 74
55 78
56 76
55 74
56 72
55 71
57 69
57 65
63 63
63 61
61 59
71 59
71 63
72 64
71 69
61 73
61 70
61 77
71 85
71 82
71 81
78 74
80 74
86 88
87 89
86 92
87 93
86 97
94 89
94 88
97 84
94 87
86 82
87 80
86 69
87 70
87 66
86 65
97 60
97 62
97 65
97 68
97 70
97 73
97 75
97 80
101 84
102 82
101 80
102 78
101 77
103 72
103 69
103 64
103 66
107 65
107 62
107 60
117 62
117 63
120 61
126 65
126 68
130 69
130 71
130 74
126 73
126 75
120 74
120 71
120 69
120 67
107 70
107 73
107 75
107 79
107 83
109 87
109 88
109 89
117 97
117 96
117 107
117 108
118 111
117 110
109 108
110 109
109 105
110 103
109 99
107 94
107 96
107 92
103 91
103 93
97 92
97 94
97 96
94 99
94 100
95 102
94 104
94 105
94 108
94 109
94 110
87 101
86 103
87 107
86 113
94 115
94 117
94 120
94 121
95 123
94 125
94 126
94 129
94 131
94 130
94 136
94 138
103 144
109 136
109 138
109 129
110 130
109 126
110 124
109 120
109 117
109 115
117 122
117 123
117 125
117 124
132 124
133 125
132 122
146 121
148 115
155 113
156 107
156 101
155 103
155 97
153 95
143 95
141 100
140 102
140 103
140 107
140 108
140 113
133 112
133 106
133 95
132 96
140 97
140 98
143 89
143 84
143 82
140 79
140 77
149 81
153 82
150 86
153 89
153 84
155 79
155 77
163 71
163 76
156 71
155 70
155 67
156 65
155 61
153 57
153 52
155 46
155 47
153 43
149 42
143 43
140 46
140 45
140 47
146 49
143 52
143 57
140 61
140 62
141 64
140 66
140 67
140 71
140 70
140 72
132 63
130 61
130 55
127 52
130 49
130 47
126 48
125 46
124 45
123 45
126 45
130 43
130 39
130 41
126 40
126 37
125 38
124 37
123 37
117 37
117 39
120 43
120 41
117 45
117 47
120 55
120 49
109 51
103 49
103 54
107 55
107 57
103 59
97 57
97 55
94 51
87 55
87 57
86 56
86 58
71 58
71 57
71 56
63 53
63 54
63 49
63 47
63 46
63 45
63 40
63 39
63 38
63 34
63 35
74 34
80 35
74 26
74 19
64 16
63 9
57 5
61 6
62 0
74 7
80 0
80 5
81 8
74 11
74 15
78 19
81 22
84 18
79 17
78 15
79 13
78 12
84 11
84 14
97 13
97 17
94 6
99 0
97 10
103 11
103 8
109 6
117 6
126 8
126 0
132 6
126 11
120 10
120 13
120 17
117 18
117 19
117 21
117 23
117 24
117 27
117 30
117 33
117 35
117 34
117 31
117 28
117 26
120 23
126 26
124 24
124 21
125 21
126 21
132 19
140 15
140 14
140 13
140 12
140 10
140 6
144 0
149 10
148 10
147 10
143 12
140 17
140 19
143 19
147 17
149 17
148 17
149 20
143 21
143 23
140 27
140 28
132 31
132 34
132 35
140 40
140 38
143 33
149 34
153 33
150 30
153 21
153 23
155 27
163 29
163 27
166 24
163 25
163 23
155 15
155 14
155 6
163 10
166 13
166 16
166 18
170 22
171 22
172 22
172 15
176 18
176 16
176 13
176 11
172 12
171 10
172 10
166 11
163 6
162 0
176 0
178 6
186 6
186 11
186 13
189 13
189 11
194 10
195 10
201 6
212 8
212 10
218 9
222 8
219 5
222 10
241 0
246 9
246 10
246 17
246 25
246 30
246 31
246 32
246 33
246 41
246 43
246 44
246 45
246 46
246 47
246 48
246 49
246 57
246 65
246 73
246 81
246 89
246 97
246 98
246 105
224 131
224 128
224 125
224 122
224 120
225 114
224 113
224 110
225 108
224 104
222 101
222 99
218 94
218 98
224 92
225 86
224 85
224 82
225 80
224 76
222 74
218 73
210 79
209 82
209 81
209 77
209 76
212 74
218 69
224 67
225 61
224 60
224 57
225 55
224 51
222 47
222 43
224 39
224 38
222 36
218 35
217 35
215 41
216 41
218 41
217 42
216 44
217 46
216 48
212 48
209 48
209 47
209 44
209 43
209 41
212 44
209 39
209 38
201 33
195 35
209 30
212 31
209 32
209 34
209 35
212 36
212 34
216 32
217 32
217 30
218 32
218 30
222 31
218 13
217 13
216 13
212 15
212 19
212 23
212 27
209 28
209 26
209 24
209 22
209 20
209 18
209 16
209 14
199 11
199 13
195 15
194 15
193 15
189 17
186 16
186 18
186 20
189 21
189 25
189 29
186 33
186 32
186 30
186 28
186 26
186 22
186 24
166 28
166 32
163 31
163 33
163 35
166 36
163 37
163 39
166 40
163 41
163 43
166 44
163 45
163 47
166 48
163 49
163 60
163 61
164 63
163 65
163 70
163 66
166 57
166 53
172 51
172 56
176 57
186 57
186 56
178 60
179 64
178 66
179 70
186 70
187 71
186 68
186 67
202 55
201 56
209 51
209 52
210 54
209 56
209 57
209 60
209 61
209 62
209 67
202 66
202 72
201 82
201 84
202 85
209 85
209 86
209 87
209 92
212 99
212 101
209 104
209 105
210 107
209 110
209 109
209 113
209 114
209 115
209 120
209 122
209 124
209 125
209 127
209 128
209 130
209 131
209 134
209 135
201 134
199 130
199 132
201 137
202 141
201 143
201 146
202 147
209 150
209 152
209 154
209 155
209 156
212 153
212 150
217 152
218 152
217 149
212 148
209 148
209 146
209 144
212 145
212 140
216 137
218 137
217 137
219 137
224 135
225 138
225 140
225 141
225 142
222 140
222 145
218 144
217 144
216 146
217 146
218 146
218 149
222 150
222 153
224 155
224 156
222 159
217 158
218 158
217 160
212 161
212 159
212 163
217 162
218 162
218 160
222 161
222 163
224 165
224 166
224 167
224 170
218 172
217 172
216 172
217 177
218 177
222 178
224 183
225 187
224 189
224 192
225 193
218 179
217 179
216 179
212 178
209 179
209 177
209 175
209 173
212 174
209 170
209 167
209 169
209 166
209 165
209 164
209 162
209 160
209 158
201 153
201 155
195 157
186 155
186 153
186 148
186 147
186 146
186 143
186 142
187 140
186 137
186 138
186 133
186 134
186 130
189 132
189 130
189 128
195 129
194 129
189 120
199 114
196 116
194 113
195 113
189 110
193 108
195 108
194 108
193 101
195 101
186 85
186 83
186 84
186 82
176 85
176 88
176 90
172 87
172 84
171 84
178 76
171 78
166 85
163 85
166 88
166 90
172 92
172 97
166 98
166 94
166 100
163 105
172 104
176 100
176 98
179 105
186 109
186 111
189 114
186 114
176 116
176 114
176 111
173 108
172 113
171 113
166 111
166 114
163 114
166 116
169 117
163 120
169 125
163 128
163 132
163 134
163 136
163 139
153 135
153 129
153 124
143 124
143 129
146 132
143 135
143 140
143 146
143 150
147 150
148 148
147 146
148 144
147 143
153 140
153 145
153 149
149 152
150 163
153 166
149 173
153 172
153 174
153 176
155 180
155 179
155 181
155 184
156 188
155 190
155 193
156 194
163 197
166 194
166 190
166 184
166 180
166 178
166 174
166 169
169 166
172 161
166 162
166 164
163 159
163 157
163 158
163 156
163 150
166 148
166 144
163 144
163 141
166 140
166 137
166 135
166 133
171 132
172 132
172 134
171 134
170 138
172 138
171 138
171 136
172 136
176 133
176 135
176 137
173 145
170 149
176 148
178 150
179 156
179 158
178 159
176 162
176 164
176 169
176 174
172 177
172 182
176 180
176 178
186 178
186 179
202 177
201 178
202 188
209 184
209 181
209 183
212 181
210 186
209 188
209 189
209 193
209 192
209 194
209 199
209 201
209 204
210 207
209 205
202 207
201 206
193 223
195 223
209 215
209 214
209 213
209 209
209 210
225 214
224 213
224 210
225 208
224 204
224 199
224 201
246 200
246 193
246 208
246 216
246 224
246 232
223 241
222 235
219 232
224 230
224 229
224 228
222 226
224 220
224 222
218 224
217 225
216 224
215 224
209 220
209 222
209 224
209 226
209 228
209 229
209 230
212 235
199 231
199 233
195 230
189 231
189 233
178 227
186 206
186 207
186 204
186 205
201 204
202 194
187 193
186 192
186 189
186 190
178 197
176 193
176 189
170 187
171 188
170 190
170 194
171 192
172 199
172 202
166 204
166 201
166 208
172 211
171 211
163 212
163 222
166 223
171 222
172 222
176 223
172 230
176 236
173 233
176 241
168 241
166 232
166 236
163 227
163 228
153 226
155 221
155 223
156 215
155 214
155 211
156 209
155 205
155 202
155 200
140 200
140 202
140 205
141 208
140 206
140 210
140 211
140 214
140 215
140 216
140 221
140 223
140 225
143 226
148 225
149 225
149 227
149 230
143 229
143 232
143 236
133 233
123 241
126 223
117 233
109 234
107 231
107 229
107 226
103 225
103 228
97 226
97 229
97 231
94 234
84 233
84 231
84 228
80 227
80 230
74 231
74 233
74 228
71 225
74 218
71 223
71 213
71 212
71 211
71 206
71 203
71 201
71 195
71 196
71 194
71 191
71 190
71 186
72 188
71 185
74 182
74 176
74 180
80 179
84 180
84 182
87 189
86 185
86 191
86 194
87 195
86 201
86 206
86 203
80 208
74 210
80 219
81 215
84 218
86 213
86 212
94 204
94 209
94 211
97 216
94 223
94 221
103 217
107 216
104 213
109 209
109 211
117 209
120 207
126 208
125 208
130 207
130 201
130 197
127 198
126 195
125 196
124 195
123 195
125 189
126 189
120 188
120 190
117 191
117 192
117 193
117 195
117 197
120 201
110 197
109 199
110 203
109 202
94 203
94 202
94 198
94 199
95 196
94 194
94 193
94 190
94 188
94 183
94 182
94 181
94 178
94 177
95 175
94 173
94 172
97 170
100 166
101 166
102 166
103 166
104 166
107 165
110 169
110 168
109 172
109 178
110 176
109 181
110 182
109 188
109 190
109 193
117 189
117 185
117 181
120 176
120 174
117 167
117 162
117 161
117 160
117 157
117 156
126 169
132 167
130 174
130 176
126 173
126 180
124 184
123 184
125 184
127 184
126 184
133 181
133 186
133 187
130 190
132 192
132 193
140 195
140 194
140 193
140 190
140 189
141 187
140 185
140 184
140 181
140 180
140 179
143 176
143 174
143 172
143 166
133 161
132 160
132 157
133 155
132 151
130 149
126 148
126 141
124 141
120 149
117 151
117 152
118 154
110 154
107 159
109 161
109 162
103 164
102 164
103 158
102 158
97 159
94 160
94 162
97 165
94 167
94 164
94 161
94 154
94 158
87 157
84 161
79 160
80 160
80 162
79 162
78 162
77 162
74 161
71 162
71 163
71 164
71 166
74 165
77 166
78 166
79 167
80 166
80 169
84 168
84 165
84 170
84 172
84 176
81 173
79 171
80 171
79 169
74 170
74 172
71 171
71 169
71 168
64 174
61 177
61 180
61 186
61 188
61 192
61 190
57 187
57 189
56 187
57 185
56 185
56 182
57 182
57 179
57 176
56 176
56 179
55 182
51 184
51 186
51 188
51 192
51 190
48 194
48 195
48 196
48 198
48 199
48 200
48 202
48 207
51 208
51 206
51 203
56 207
57 204
57 207
56 202
57 202
63 195
63 196
63 199
63 200
61 203
61 208
63 210
63 215
63 214
57 220
57 217
55 217
56 217
51 219
48 213
48 210
48 214
48 215
48 217
48 219
48 224
48 226
51 229
57 228
57 231
61 232
61 229
61 234
51 232
51 234
46 241
41 225
41 226
40 222
38 227
35 224
34 228
34 224
33 224
32 224
32 217
33 217
34 217
35 217
38 220
41 219
41 218
40 214
40 215
41 210
40 211
41 208
38 200
40 202
41 196
40 197
41 194
48 187
48 185
48 184
48 182
41 184
40 188
40 185
41 182
48 180
51 177
51 180
48 177
48 173
49 174
40 171
41 172
40 176
32 175
25 176
18 175
15 176
11 177
10 177
9 177
5 176
5 179
5 183
5 186
5 188
5 191
5 194
5 197
5 200
10 196
11 192
10 192
9 192
10 189
11 189
9 189
10 187
11 187
11 184
12 180
9 184
10 184
15 188
15 183
25 183
25 182
25 184
25 185
32 187
25 188
33 199
34 199
32 201
28 200
25 202
25 199
25 197
25 196
25 195
25 194
15 197
11 196
12 201
11 198
10 205
11 205
12 205
15 204
15 208
18 207
18 206
25 208
25 209
25 210
25 211
25 213
25 214
25 215
25 217
28 220
25 221
25 222
25 224
28 230
28 227
28 234
17 241
18 241
16 241
18 233
17 226
15 224
11 223
10 223
9 220
11 220
10 220
10 218
10 215
9 215
11 215
11 218
15 219
15 214
18 212
18 213
15 210
12 211
11 211
9 211
10 211
11 209
10 209
9 205
5 204
5 208
5 210
5 214
5 217
5 219
5 222
5 224
2 233
0 233
2 226
0 226
0 225
2 222
2 223
2 220
2 218
0 219
0 218
2 217
2 215
0 212
0 211
2 211
2 209
0 204
2 205
0 197
2 196
2 194
2 192
2 191
0 190
2 189
2 187
2 186
2 184
0 181
0 180
0 179
2 179
2 177
0 176
2 173
2 172
0 169
2 170
2 169
5 172
9 170
8 167
9 167
11 167
10 168
10 170
11 170
9 173
10 173
11 173
12 173
15 169
18 174
25 172
25 171
25 165
25 164
25 157
25 158
40 157
41 156
40 165
41 164
48 159
48 158
48 157
48 156
48 150
51 147
55 149
61 145
61 147
63 150
64 156
64 158
63 159
57 161
71 160
71 157
74 147
71 150
71 138
71 132
71 133
61 129
61 133
61 137
57 136
58 138
61 141
57 144
51 145
51 141
51 137
51 133
57 132
58 126
61 122
61 124
57 123
56 123
51 124
51 129
48 124
48 118
48 121
51 122
56 121
57 121
57 116
63 118
71 122
72 125
71 123
71 127
71 128
79 140
86 150
80 146
84 147
86 138
87 132
86 128
87 126
86 122
79 115
71 113
71 107
71 108
71 103
71 102
71 98
72 100
71 97
71 94
71 93
71 91
57 82
51 84
41 90
41 91
38 87
34 85
34 82
33 82
32 82
28 84
31 85
32 85
33 86
32 88
31 88
33 88
34 88
35 88
33 94
34 94
38 95
40 102
40 103
38 109
38 107
34 108
33 108
33 106
34 105
32 105
31 105
34 98
33 98
32 98
28 100
25 103
25 102
25 101
25 100
25 98
25 94
28 95
28 92
25 89
25 87
25 85
25 84
25 82
17 77
11 79
12 82
11 82
10 82
9 82
11 86
15 85
18 84
18 83
15 87
17 91
17 92
18 95
18 96
