11082.0 211269.0 0.0 1785
17 184
57 175
79 187
25 64
103 186
176 107
2 42
199 174
176 159
40 71
41 42
156 177
25 115
48 148
41 150
94 168
195 166
130 158
166 173
218 68
84 22
126 88
222 191
94 14
11 36
196 181
156 140
28 34
124 129
166 206
117 126
153 53
120 202
64 109
25 117
123 212
71 118
107 64
117 88
166 202
140 114
12 5
171 130
186 186
171 92
186 189
97 164
173 152
212 212
63 111
74 118
25 85
216 73
195 199
153 58
126 62
97 182
33 146
2 161
163 163
34 132
149 165
140 106
133 168
186 164
125 149
33 132
193 42
31 44
133 25
10 46
147 22
48 143
97 135
2 141
74 106
38 26
202 24
212 72
94 174
25 130
127 149
130 181
107 131
97 189
209 96
125 114
107 106
2 200
34 110
225 183
25 119
48 68
130 126
149 90
97 171
199 6
10 30
103 165
140 29
126 201
176 80
172 160
63 38
202 23
81 82
170 202
117 166
94 192
177 212
86 151
212 78
31 154
48 29
133 22
133 174
148 199
107 204
33 73
199 20
120 20
109 28
143 39
94 176
212 106
117 158
34 20
28 7
163 16
166 165
143 61
51 161
25 24
163 75
140 63
195 81
249 151
125 17
97 85
61 202
28 24
202 176
120 7
41 34
153 132
166 169
148 172
222 193
48 116
0 151
35 106
34 47
80 203
126 105
166 129
9 197
97 147
189 205
10 34
140 204
193 178
199 192
77 55
80 104
38 48
225 141
143 120
215 68
166 104
51 130
84 160
218 199
172 79
64 61
212 147
35 30
101 135
100 132
120 121
61 204
143 50
84 118
101 178
195 134
192 36
103 105
123 35
97 167
9 36
147 33
249 111
201 9
5 160
163 169
120 186
209 52
189 42
74 13
48 159
194 28
186 160
166 82
163 130
64 136
166 24
176 131
41 90
48 88
170 117
117 115
38 193
195 159
222 130
130 85
26 83
149 22
186 76
124 182
120 198
28 176
40 80
172 84
186 12
11 181
8 197
133 169
11 166
15 203
57 201
57 182
125 161
199 56
166 98
189 68
104 140
94 148
218 29
61 185
195 100
61 130
84 156
80 149
171 168
148 117
41 168
25 104
18 80
163 190
120 184
56 182
101 132
120 38
199 184
130 162
186 180
218 61
85 212
212 109
117 189
63 121
2 81
143 12
94 180
176 201
34 181
217 129
212 54
123 51
209 159
218 99
28 109
126 73
222 187
153 73
153 50
2 157
5 171
120 85
2 124
118 212
189 193
117 131
225 133
103 111
127 212
117 32
222 147
212 41
193 189
124 187
33 170
48 21
133 177
74 192
94 172
120 89
189 121
130 20
0 71
117 175
163 176
101 197
126 8
97 95
11 197
140 144
8 29
74 189
216 179
17 189
149 157
217 42
143 73
25 192
225 139
202 175
51 165
101 95
189 26
133 153
217 29
0 101
212 90
140 22
224 166
79 93
107 143
38 198
218 12
194 107
222 90
2 35
176 104
84 194
48 194
153 65
193 28
166 76
48 63
189 49
2 128
226 212
176 169
171 156
212 155
84 116
94 197
126 31
25 56
130 89
189 70
34 197
212 62
48 157
97 91
15 182
84 114
140 120
74 175
163 135
189 82
38 131
11 22
102 145
41 158
31 194
48 87
41 154
102 199
225 143
217 158
143 102
202 26
63 57
33 192
107 188
193 119
15 205
186 188
101 189
120 162
48 175
147 5
163 180
25 102
192 166
103 58
218 73
209 64
107 90
81 111
64 86
130 43
153 89
209 189
133 28
148 72
117 109
143 8
122 212
216 132
71 26
56 150
153 138
48 170
34 5
17 164
217 56
63 32
212 86
156 81
120 83
2 189
78 154
192 145
148 27
124 127
74 39
34 30
140 118
51 7
71 188
11 49
125 180
120 49
166 114
124 124
225 152
117 193
33 138
97 25
194 11
176 145
117 167
224 6
10 154
63 63
9 178
63 105
80 50
133 23
38 182
97 61
170 206
212 157
209 110
2 188
25 122
94 196
163 165
189 16
195 152
107 164
17 132
0 181
156 126
49 85
127 21
173 95
104 201
186 168
0 81
172 69
140 34
156 132
117 205
55 163
34 130
212 115
143 58
2 129
103 53
217 99
5 201
148 52
48 83
10 181
130 30
5 47
28 131
38 109
120 164
117 79
63 48
34 28
81 163
26 58
209 164
202 76
120 127
123 124
143 96
61 189
74 161
143 167
209 73
2 32
63 98
79 115
176 149
80 25
218 112
176 11
94 44
217 96
35 132
51 183
172 5
155 204
57 156
101 88
64 36
56 123
222 86
143 118
51 159
199 82
179 89
48 105
143 35
74 58
186 134
166 109
249 11
84 94
2 164
110 44
176 21
172 184
130 38
28 189
25 18
48 91
5 156
3 85
212 27
186 14
120 54
130 212
33 178
15 21
35 8
189 6
193 193
153 32
40 86
195 138
15 8
64 115
17 98
209 66
189 198
5 43
217 51
41 32
140 182
120 200
189 62
201 156
176 26
5 203
51 204
172 12
38 111
48 92
48 180
166 150
61 157
163 182
209 76
48 16
163 118
212 203
2 180
143 171
216 96
31 36
0 121
31 170
120 159
149 199
25 186
2 197
218 25
186 133
199 110
32 138
48 161
2 181
195 37
41 142
212 189
186 20
130 115
117 132
125 92
56 175
25 196
199 188
202 62
225 137
25 60
97 64
209 113
166 107
149 42
171 160
94 103
126 17
32 170
61 187
217 154
101 165
149 72
130 202
209 36
25 61
218 56
34 192
209 94
209 108
117 130
9 22
172 171
194 191
126 119
71 181
120 212
2 37
186 124
57 129
189 95
25 91
189 52
40 96
209 191
156 80
156 175
33 154
0 61
84 18
143 173
120 93
209 102
2 82
225 151
9 17
140 61
166 85
172 92
166 146
212 130
189 184
57 5
2 132
149 172
15 201
5 175
117 172
2 199
176 155
148 23
195 22
71 116
28 26
103 132
34 45
94 132
163 172
48 132
153 122
212 187
143 145
120 59
203 212
186 193
49 60
163 178
143 132
109 109
34 163
133 175
209 155
102 93
78 99
189 180
100 77
2 144
149 33
189 46
194 119
147 8
130 49
0 111
140 172
192 186
153 11
143 63
63 91
102 89
74 116
0 48
149 162
41 152
199 12
212 52
199 160
140 38
153 7
84 58
130 54
9 29
143 91
40 52
34 121
78 189
143 85
189 196
130 95
78 161
130 93
10 41
172 88
2 20
140 175
222 141
189 169
148 90
107 61
126 21
25 28
196 171
2 98
28 152
101 186
225 147
51 169
163 161
193 39
25 103
217 40
48 137
97 125
186 135
10 143
189 34
74 194
186 192
17 185
94 151
94 166
0 171
32 162
34 171
33 112
40 103
25 81
140 193
140 68
172 156
11 9
9 32
107 51
140 28
194 53
25 181
128 212
9 115
156 78
94 188
166 157
57 186
120 103
48 187
218 40
202 60
64 15
15 47
153 173
209 98
222 62
249 131
97 7
117 27
222 41
173 111
125 101
64 67
218 91
186 166
225 180
25 194
212 153
97 206
194 22
153 120
32 146
166 155
212 31
25 188
2 25
2 155
32 154
140 32
149 110
32 30
48 27
186 18
103 63
130 102
186 120
219 179
217 179
103 181
133 154
125 157
199 164
140 24
140 53
2 96
2 47
170 143
33 195
63 148
195 178
193 186
212 182
153 68
107 184
107 49
212 75
34 179
2 194
25 65
84 45
222 155
48 111
209 92
225 135
132 205
0 51
153 102
41 178
166 163
212 193
51 157
84 85
120 76
2 195
74 68
34 147
48 11
194 159
126 192
209 75
217 61
193 46
202 32
117 182
202 64
194 138
140 192
166 7
51 177
209 166
18 133
11 20
2 17
79 159
217 186
63 82
103 137
33 36
0 91
149 181
133 173
94 12
117 18
110 158
140 25
48 57
28 50
78 16
199 18
218 51
166 11
38 11
97 106
84 91
176 194
126 185
41 65
0 11
186 139
5 205
63 138
100 186
218 129
140 18
140 72
149 117
120 152
178 71
170 74
78 95
143 65
34 37
71 197
148 181
172 29
194 69
172 152
171 152
126 156
71 189
117 199
147 12
15 199
216 158
48 42
25 86
209 62
172 138
17 141
120 47
84 188
126 5
41 146
130 152
218 172
140 143
171 204
107 134
124 156
28 21
103 97
28 111
143 164
249 91
102 178
31 132
163 18
140 186
153 96
153 61
97 175
84 74
179 127
199 62
28 114
147 142
166 161
38 29
196 107
172 193
130 24
202 110
103 34
140 40
25 190
148 33
103 163
150 93
74 103
41 59
153 145
166 177
120 74
17 123
146 22
209 48
123 138
34 183
117 192
64 92
194 44
163 194
120 189
31 138
216 29
199 41
78 23
217 68
163 174
120 95
224 196
222 205
94 146
202 36
216 99
217 73
107 94
74 63
170 150
48 37
125 97
202 54
117 83
149 83
172 168
107 196
217 85
194 171
130 186
28 118
2 15
225 145
28 182
153 28
63 73
147 190
102 195
209 45
209 85
143 151
209 126
11 178
212 101
209 193
156 136
166 131
107 200
196 53
163 126
101 91
186 117
87 181
222 54
143 53
11 191
189 160
172 74
2 193
33 183
103 16
209 100
179 153
41 84
172 126
103 178
171 74
11 29
94 193
209 130
5 38
25 16
97 55
64 42
94 28
2 97
11 200
109 20
80 101
34 12
199 49
217 76
117 174
34 194
212 35
28 42
28 48
81 71
148 67
107 85
103 8
212 160
199 68
103 22
202 174
179 154
51 187
5 8
74 157
2 183
125 0
148 10
209 59
18 86
78 92
48 38
63 29
189 153
5 24
133 26
56 50
130 200
48 177
84 13
193 107
102 191
49 108
48 33
237 212
10 178
163 152
41 162
107 125
38 212
5 212
117 191
196 22
163 136
2 139
170 199
216 56
2 44
176 163
156 130
40 61
80 186
41 39
125 185
209 150
176 161
189 174
166 80
120 115
101 193
2 159
28 168
33 162
225 22
33 28
166 93
140 200
202 35
171 193
209 6
49 135
11 17
149 129
0 161
18 99
41 170
148 129
102 165
147 181
25 51
195 195
202 67
176 98
28 205
11 115
209 187
117 127
143 122
129 212
249 171
153 202
126 92
117 173
186 122
56 163
11 154
94 134
194 167
140 91
195 171
2 71
219 87
212 113
74 167
202 58
149 60
126 182
57 190
51 199
195 48
11 143
5 192
140 176
33 181
107 59
149 47
48 12
121 212
186 148
163 137
117 124
218 132
130 32
25 48
120 99
61 159
0 201
176 93
189 125
48 43
147 129
249 31
202 135
166 159
84 8
48 166
97 184
63 27
150 86
216 107
170 134
176 165
146 142
117 185
17 96
120 24
222 189
218 42
130 59
149 14
217 91
120 14
33 197
97 204
176 157
86 197
33 121
124 212
25 55
186 115
120 146
189 87
80 191
2 99
140 65
117 184
61 199
74 91
102 187
48 73
120 117
195 69
222 203
81 36
32 36
11 202
117 177
212 39
176 114
2 39
148 60
222 200
143 138
143 187
222 153
97 193
209 43
224 164
103 48
80 66
209 54
34 23
212 191
171 148
25 113
34 139
94 64
217 112
153 200
172 130
74 85
126 149
195 107
179 128
2 191
94 109
186 178
148 31
170 126
125 182
34 199
63 17
15 31
94 20
194 114
41 40
125 199
222 157
48 58
5 168
176 85
149 52
222 115
31 146
41 166
193 169
94 178
107 23
48 62
51 202
189 116
74 45
18 69
48 178
5 32
97 180
130 74
2 84
15 35
78 186
143 200
5 19
25 52
193 171
107 25
195 50
120 141
249 191
218 96
195 114
133 150
74 74
97 143
126 199
103 205
170 171
2 31
2 133
143 48
153 151
130 34
40 64
186 162
143 44
212 93
225 71
102 133
38 24
33 110
130 141
48 17
117 93
17 194
126 114
186 16
102 63
212 135
97 23
5 28
34 112
130 83
63 179
17 195
218 85
48 106
150 76
117 187
222 66
117 169
107 192
33 23
11 41
194 195
117 180
156 134
140 184
57 163
199 45
3 126
33 47
153 79
126 46
143 29
216 42
125 31
25 90
189 14
186 69
41 136
156 138
217 79
130 98
153 48
48 20
194 36
57 198
224 127
133 152
94 200
195 29
103 66
218 179
25 66
41 44
107 17
48 48
217 199
155 114
124 103
202 111
40 55
212 58
176 129
78 157
33 30
49 14
225 182
218 202
176 82
5 21
56 75
120 18
170 146
173 126
94 135
84 80
41 138
219 132
176 205
140 188
172 196
163 157
2 178
209 125
218 158
217 132
94 186
212 200
209 39
120 34
32 44
171 144
124 159
186 169
194 187
189 189
51 185
97 59
48 133
163 120
203 0
153 91
172 121
61 161
209 40
94 108
79 21
172 23
194 178
225 149
143 202
10 22
2 13
202 31
193 22
120 43
130 76
166 181
97 139
2 29
199 16
120 181
48 32
17 70
0 38
38 0
48 138
25 71
120 32
80 115
202 28
74 23
48 179
31 162
104 122
237 0
120 10
177 0
148 6
124 96
11 46
194 40
209 196
199 70
117 117
48 121
133 193
225 121
38 21
103 145
147 25
61 183
192 28
74 95
94 101
56 156
123 156
32 183
216 76
143 25
192 22
74 19
120 30
186 128
125 187
97 197
94 158
189 164
225 184
48 98
143 183
97 17
218 76
171 200
97 49
149 125
32 132
28 160
34 155
189 162
28 185
218 104
56 100
153 111
41 31
126 75
209 127
117 111
209 34
153 118
189 110
189 12
176 109
107 80
186 9
63 180
218 79
84 39
212 64
149 76
130 18
216 68
193 53
130 47
130 146
225 70
218 186
195 5
132 79
156 178
212 0
63 20
33 130
49 35
170 152
101 145
126 196
199 198
84 98
209 32
41 35
186 130
173 8
149 67
48 115
38 50
199 153
212 205
209 57
97 80
200 139
171 126
17 139
25 89
107 182
209 78
25 110
48 22
249 51
153 63
2 185
117 162
217 107
64 142
84 63
71 151
222 135
163 89
48 142
195 119
125 125
140 178
10 17
163 119
140 177
219 68
48 183
94 189
126 180
195 186
79 155
74 99
189 201
147 29
140 191
56 186
48 110
209 69
79 17
31 30
202 56
212 81
41 134
202 34
2 70
48 173
143 68
124 149
202 27
48 82
2 134
28 201
150 148
0 141
249 71
153 24
216 79
126 212
171 171
196 83
41 160
222 64
202 66
209 30
31 178
212 66
146 103
74 114
202 112
2 19
199 162
199 196
186 65
209 22
124 21
126 82
119 212
125 88
10 200
2 123
193 114
149 194
25 184
15 192
199 168
186 196
133 166
172 106
148 76
124 99
0 31
28 198
48 67
63 88
28 29
186 126
97 131
163 77
209 161
156 77
28 193
209 121
32 112
48 164
41 176
163 93
150 55
147 76
74 80
2 184
202 172
193 36
107 206
18 127
33 44
40 104
32 178
32 194
140 20
10 191
84 192
28 144
78 19
222 182
51 189
189 129
222 113
140 142
195 53
126 161
189 20
189 18
9 41
63 132
216 91
28 136
64 21
218 107
97 51
176 24
0 131
28 11
222 52
125 21
74 110
41 174
150 129
212 98
94 170
40 89
140 36
48 93
25 96
166 194
63 173
202 108
163 71
166 26
25 80
218 154
11 169
41 144
10 36
166 21
143 79
77 5
10 198
172 20
130 164
117 159
79 25
224 126
67 0
117 168
63 11
193 166
71 186
10 20
5 182
125 212
209 200
5 180
34 98
103 5
9 154
17 129
117 156
25 197
77 186
0 41
2 23
125 82
212 141
163 188
133 29
199 14
148 142
212 44
74 8
143 111
109 151
195 11
94 19
2 28
126 187
0 191
0 154
79 97
48 196
209 82
126 133
17 188
126 124
2 187
209 80
189 56
0 21
48 168
143 89
166 198
130 117
149 142
140 126
55 175
186 156
38 196
212 48
17 184
