8030.0 5393.0 7077.0 1483
71 120
74 122
71 121
71 124
71 125
71 126
74 127
71 131
71 132
71 133
71 136
71 138
71 139
74 139
79 141
78 139
77 136
79 137
78 136
80 132
80 136
84 138
87 133
84 127
84 122
84 117
79 114
80 114
78 114
77 114
74 117
71 116
71 115
71 114
71 111
71 109
71 108
71 107
74 106
74 98
77 100
78 100
79 100
80 101
87 111
87 105
87 104
87 100
87 98
87 96
94 95
94 89
94 82
97 81
94 80
94 78
97 77
94 76
94 74
94 72
94 70
97 73
97 69
94 68
94 66
97 65
94 64
94 62
97 61
94 60
87 56
87 55
94 54
94 51
94 52
94 49
87 42
87 44
87 45
80 49
79 49
78 49
74 51
71 50
71 52
71 54
64 56
63 55
64 51
64 49
64 48
64 47
64 39
64 38
58 36
57 36
56 36
57 33
56 30
61 31
57 30
56 33
55 33
55 36
54 36
57 41
56 41
55 41
51 40
51 43
51 35
48 37
48 35
48 33
48 31
51 31
48 28
48 26
51 27
51 23
48 24
48 22
40 18
40 21
40 23
40 26
40 28
40 32
40 34
38 37
38 40
34 38
33 39
34 36
33 36
32 38
31 38
32 41
33 43
34 43
32 43
28 41
28 37
25 32
25 34
25 36
25 38
25 40
25 41
25 43
25 45
28 45
25 47
25 49
34 51
40 47
40 49
48 47
48 42
48 44
48 46
48 48
48 49
48 51
48 55
48 57
48 56
48 60
51 60
51 62
56 59
57 59
61 60
61 62
57 63
56 66
57 66
57 74
56 74
61 75
63 71
61 69
61 67
71 67
74 69
74 67
74 65
71 59
71 60
71 58
74 57
78 54
79 54
81 54
80 54
84 57
86 59
86 60
81 62
84 65
84 69
84 67
80 66
79 66
79 70
78 70
77 70
74 74
77 76
78 76
79 76
80 77
80 70
81 70
87 72
87 76
87 74
87 80
87 82
87 84
87 88
87 90
87 92
80 93
79 92
78 92
77 92
74 90
77 84
79 84
80 85
78 84
74 82
61 83
61 81
61 78
57 77
57 80
51 81
51 83
56 86
57 86
55 86
51 88
48 87
48 89
48 91
48 93
51 92
40 95
40 97
40 100
40 102
48 104
48 101
48 99
48 97
48 95
51 96
51 100
51 104
56 103
61 104
57 103
61 106
61 108
61 110
61 112
61 114
56 116
57 116
51 114
51 112
51 110
51 108
51 106
48 106
48 108
48 112
48 110
48 114
48 117
48 119
48 121
51 117
51 119
51 121
51 123
51 125
51 127
48 127
48 125
48 123
41 122
41 123
41 121
40 118
40 115
40 110
34 104
28 106
25 110
25 115
25 118
25 121
34 120
33 129
34 129
34 131
38 130
38 132
34 134
38 137
38 135
40 140
41 141
41 146
40 145
38 151
34 149
33 150
32 149
31 149
28 152
25 151
25 152
28 156
25 155
25 157
17 157
18 149
25 149
25 147
25 146
25 145
25 142
25 141
25 140
28 137
28 135
28 132
28 130
25 129
25 123
25 124
15 124
15 121
17 116
12 118
10 123
11 123
10 127
11 127
15 128
17 134
17 142
17 140
11 136
5 138
0 137
0 134
2 134
5 128
2 128
0 127
0 123
2 123
5 124
5 121
0 120
2 116
2 112
0 113
5 112
5 108
2 109
0 109
0 106
2 107
2 105
2 103
0 99
2 97
2 99
2 101
5 100
5 104
25 102
25 100
25 97
25 95
25 80
28 75
28 73
25 70
25 69
34 72
34 77
33 77
38 75
38 73
48 75
51 75
51 78
51 69
51 67
51 65
48 67
48 71
40 70
41 65
40 58
38 55
34 54
33 54
28 53
28 55
25 58
25 55
25 65
17 62
17 60
17 67
17 69
17 72
17 74
17 79
17 83
17 85
11 87
10 87
9 87
5 89
5 93
11 94
10 94
9 94
5 96
2 95
0 95
2 93
2 90
0 92
2 88
2 85
2 83
0 85
2 79
0 81
0 78
2 72
2 74
0 71
2 69
2 67
0 67
0 64
2 62
2 60
2 57
0 57
5 57
5 55
11 54
10 54
15 57
15 55
17 52
11 46
18 46
17 44
17 42
17 43
15 40
10 36
11 36
11 39
10 39
5 40
2 52
2 55
0 54
0 53
0 50
2 46
2 44
0 43
2 42
2 41
0 39
2 39
5 38
2 38
2 36
0 36
0 32
0 29
0 25
2 29
2 31
2 33
2 35
5 35
9 36
9 33
10 33
11 33
17 31
17 29
15 25
25 28
25 26
25 23
25 21
25 18
17 19
17 17
11 21
10 24
11 24
5 23
5 25
2 24
0 22
2 19
2 17
0 15
2 13
2 11
0 11
0 8
0 7
5 8
2 0
3 0
4 0
5 0
6 0
8 0
7 0
9 0
12 5
15 8
17 13
17 11
25 13
25 6
28 0
29 0
30 0
31 0
32 0
33 0
34 0
35 0
36 0
37 0
40 6
40 13
48 10
48 6
51 11
51 13
51 16
51 18
55 21
57 21
56 21
57 15
57 12
57 10
56 10
63 6
61 11
61 13
61 16
61 18
71 19
71 18
71 16
71 13
71 11
74 7
70 0
71 0
80 5
78 16
74 18
74 20
71 21
71 23
74 23
78 21
79 19
80 16
79 16
86 13
86 11
97 8
101 5
102 6
107 7
107 11
101 8
102 10
97 12
101 12
103 16
102 16
103 19
102 19
102 21
101 21
97 23
97 20
97 18
101 16
94 18
94 16
94 19
94 21
94 23
94 24
94 25
94 26
94 28
94 31
94 30
94 29
84 20
80 19
80 21
79 21
80 24
80 27
79 27
78 27
78 30
79 30
80 30
80 33
79 33
78 33
74 37
74 35
74 32
74 29
74 26
71 27
71 29
71 30
71 33
71 32
71 35
71 36
71 38
71 40
71 42
71 43
71 44
71 45
74 40
78 38
79 38
80 38
79 36
80 36
84 37
94 34
94 35
94 36
94 37
94 41
94 42
94 43
97 48
97 51
94 56
97 56
97 58
101 59
103 59
102 59
102 55
103 55
107 58
107 56
107 54
103 52
102 53
100 52
101 52
102 49
101 49
103 49
103 42
103 46
110 43
110 37
110 36
110 34
109 31
109 30
109 29
109 26
109 25
103 21
107 20
128 11
128 15
128 25
128 39
128 53
128 67
128 81
128 95
128 109
128 123
128 137
128 151
128 165
128 179
128 193
110 190
109 187
109 188
109 186
107 184
103 178
107 180
102 179
101 178
100 178
97 181
101 181
102 183
103 190
103 193
102 196
103 196
107 199
107 202
107 197
102 193
101 193
97 195
97 197
97 199
100 200
101 200
103 200
102 201
101 203
101 205
100 205
102 205
104 205
103 205
110 206
110 207
110 209
110 210
110 211
110 214
110 215
110 217
128 221
128 235
128 249
110 256
109 249
107 246
107 244
107 241
103 243
102 243
103 245
97 241
97 244
97 246
94 249
94 256
84 258
84 256
84 253
80 255
80 252
74 258
74 253
74 256
71 250
71 248
61 251
58 248
55 243
56 243
57 243
63 241
63 240
61 235
63 230
63 231
61 228
57 233
57 236
56 236
55 236
56 234
55 233
54 233
56 227
57 227
56 224
55 224
56 222
57 224
57 222
57 219
56 219
51 220
48 217
48 215
48 216
48 214
48 212
48 210
48 209
48 208
51 208
55 206
56 206
57 206
57 212
56 212
51 214
55 212
48 206
48 204
48 202
48 203
51 200
51 196
51 193
51 186
48 189
40 205
41 206
34 209
33 209
32 209
34 212
33 212
40 215
38 213
40 217
38 220
48 220
48 222
48 224
51 226
51 223
51 228
48 226
48 227
48 229
48 230
48 231
48 233
48 236
48 238
48 239
48 240
40 248
40 250
34 252
35 255
32 264
33 264
34 264
35 264
38 258
48 256
48 258
57 252
51 251
48 246
51 245
48 244
48 241
51 238
48 235
41 233
41 234
40 237
40 238
39 241
34 240
33 240
28 235
25 232
28 231
25 231
25 229
25 227
25 225
25 223
28 223
28 226
33 229
32 229
33 232
32 232
34 232
35 232
38 235
34 229
32 224
33 224
34 224
34 221
34 219
33 219
33 221
32 221
28 220
25 221
25 219
25 217
25 215
25 214
28 213
28 211
25 212
25 211
25 209
25 207
25 206
25 205
25 201
25 199
17 211
17 209
15 207
15 203
15 201
11 200
10 200
11 202
10 206
11 206
11 213
10 213
11 217
15 214
18 218
15 222
11 221
10 221
11 224
12 227
15 230
17 234
17 241
11 253
17 251
17 246
25 238
25 236
25 237
25 241
25 248
25 250
28 254
28 258
15 259
12 256
5 264
4 264
3 264
2 264
5 259
5 255
2 251
0 249
2 246
0 242
2 241
0 235
2 234
5 230
0 228
5 226
5 222
2 222
0 221
0 218
2 218
2 216
2 217
5 214
2 213
0 214
0 211
2 211
2 209
5 207
5 201
5 203
2 206
0 204
0 200
2 200
2 197
0 197
5 195
2 194
0 193
0 190
2 191
2 190
2 189
2 187
0 186
2 185
5 187
11 190
10 194
11 194
15 195
17 197
11 185
10 185
9 185
11 180
11 178
10 178
10 180
9 180
5 182
2 181
2 183
2 178
0 179
0 176
2 175
2 176
5 177
5 179
5 175
5 172
5 170
5 167
2 166
5 165
2 168
2 170
2 173
2 171
0 169
0 165
2 165
0 162
2 162
2 160
0 155
2 149
0 145
2 140
0 141
2 142
0 148
0 151
2 157
5 161
9 159
10 159
11 159
11 166
10 166
11 168
10 168
9 168
10 171
11 171
15 167
15 172
11 173
10 173
9 173
10 176
11 176
15 177
15 179
18 191
25 193
28 192
34 195
34 186
40 184
40 182
48 183
48 181
48 179
48 177
48 175
48 173
34 171
32 171
33 171
34 176
32 176
33 176
33 186
32 186
28 188
25 191
25 189
25 187
25 184
25 182
25 179
25 177
28 178
25 174
25 172
28 173
25 169
25 167
25 165
25 166
25 164
25 162
25 160
28 161
32 159
32 154
32 152
34 154
33 154
33 159
34 159
40 165
40 166
40 167
40 169
48 170
51 170
48 168
51 168
48 166
51 166
51 164
51 157
51 151
51 145
51 139
51 134
51 132
51 130
57 129
56 136
55 136
57 136
58 136
61 139
61 145
64 145
64 147
64 149
64 151
64 153
64 155
64 156
61 151
61 157
64 158
64 159
58 161
56 165
57 165
61 164
61 166
61 168
61 170
61 173
61 175
61 177
61 179
61 181
57 172
56 172
51 173
51 175
51 177
51 179
51 183
51 181
57 185
61 183
61 186
63 189
57 191
57 194
63 202
64 203
71 201
71 202
71 203
71 204
71 206
71 209
71 211
71 212
71 215
71 216
71 217
63 210
63 217
63 216
61 220
61 223
71 221
74 222
71 223
71 225
71 227
71 228
71 229
71 230
71 232
71 234
71 236
74 234
74 236
74 238
71 239
71 240
71 241
71 242
80 244
84 236
84 238
86 240
86 241
86 242
94 243
94 241
94 238
94 236
94 234
94 232
94 231
86 230
86 229
80 235
79 235
80 232
79 232
78 232
74 227
78 225
79 225
80 225
78 220
79 220
80 220
80 216
74 213
74 211
78 209
80 209
79 209
79 212
80 212
84 213
87 217
94 222
94 223
94 224
94 226
94 228
94 229
97 231
97 234
102 240
103 240
109 238
109 236
102 232
103 232
101 232
101 229
103 229
102 229
102 227
101 226
100 226
103 226
107 228
109 224
109 223
110 219
110 218
103 220
102 219
100 219
101 219
97 217
100 211
102 211
103 212
101 211
97 209
87 206
87 204
87 203
86 199
87 202
94 202
94 203
97 203
94 200
94 197
94 195
94 193
94 190
94 188
94 186
94 185
94 184
94 181
94 180
94 178
94 174
94 176
97 169
103 170
103 167
109 160
109 161
109 159
103 163
94 165
94 163
94 159
94 161
94 158
94 151
94 149
94 150
101 148
103 152
109 145
107 142
107 140
107 138
103 139
102 137
101 135
102 133
103 132
101 132
100 132
97 130
97 128
97 126
102 125
103 125
107 134
107 130
107 128
107 126
107 122
107 117
107 112
103 109
102 109
101 109
100 109
103 102
107 97
107 95
110 89
103 94
102 94
97 95
97 97
94 109
94 110
94 111
97 112
94 114
94 115
97 117
94 116
94 119
94 121
94 120
97 122
94 126
94 128
94 130
94 132
94 135
94 134
97 135
97 140
94 138
97 142
94 145
84 142
87 147
87 149
87 151
87 157
87 155
87 159
87 163
87 165
87 167
87 171
87 173
87 175
87 179
87 180
80 182
84 191
86 193
80 195
74 197
71 199
71 198
71 193
71 190
74 191
79 190
80 190
74 188
74 184
74 181
80 176
78 175
79 175
77 175
74 173
80 168
79 167
78 167
77 167
74 165
80 160
79 159
78 159
77 159
74 157
80 152
79 151
78 151
77 151
74 149
77 145
78 145
79 145
80 145
81 145
78 143
74 143
71 143
71 142
64 143
64 141
64 139
64 137
61 134
61 132
61 130
61 127
61 125
61 123
61 121
61 119
61 117
71 119
71 120
