2360.0 1615.0 1532.0 411
17 60
18 62
17 66
11 62
15 56
15 54
11 53
15 52
15 50
11 49
10 49
11 45
17 43
17 42
17 41
25 38
25 40
25 42
25 44
25 46
25 49
25 51
25 53
25 55
28 54
28 50
32 48
34 48
33 48
28 45
28 41
28 37
25 36
28 34
28 32
33 31
34 31
33 35
32 35
34 35
38 34
38 32
40 29
40 27
38 23
38 21
38 18
38 8
35 5
28 8
34 9
34 17
34 20
28 18
28 21
28 23
25 27
25 29
25 32
18 29
17 27
17 26
17 25
25 15
25 13
15 8
12 5
11 9
5 8
2 13
2 15
10 19
9 19
11 19
5 21
2 20
2 22
2 24
2 25
2 27
2 29
2 33
5 34
9 32
10 32
11 29
11 32
15 38
11 37
10 37
5 38
2 35
0 38
0 39
2 38
2 40
0 40
0 41
2 41
2 43
2 45
0 44
0 45
0 46
2 50
2 47
5 50
5 52
10 53
5 56
5 54
2 54
2 57
2 58
2 60
2 62
0 66
2 67
2 66
2 68
2 69
2 71
2 72
2 74
2 76
2 78
2 81
5 85
11 86
5 88
5 92
13 97
17 81
11 83
11 76
17 74
17 73
17 72
17 69
17 68
17 67
25 73
25 72
26 74
25 76
25 78
25 79
25 82
25 83
28 87
28 91
28 83
28 79
32 79
31 76
32 76
33 77
34 76
33 81
32 83
34 85
38 82
38 78
41 74
41 71
48 74
48 76
48 75
55 73
57 77
57 82
57 85
51 84
51 86
51 89
51 91
57 88
61 86
61 89
61 91
71 89
71 85
71 84
71 77
71 78
86 70
87 69
94 71
94 72
95 73
87 77
86 78
86 84
87 85
86 89
94 87
95 88
94 86
103 90
97 91
108 97
107 91
110 88
110 85
103 75
110 73
110 70
103 60
97 56
97 48
100 50
102 50
101 50
103 51
102 53
101 53
103 53
104 53
107 56
110 58
110 57
110 56
110 54
110 50
110 49
110 48
122 45
110 46
110 45
110 42
110 41
110 40
110 38
110 37
110 32
110 31
110 28
110 29
107 30
104 27
103 27
102 27
101 27
101 22
102 22
103 22
107 18
110 20
110 19
110 16
110 17
104 15
103 15
102 15
101 15
97 12
101 10
103 10
102 10
107 8
107 6
108 0
103 5
97 6
97 8
94 11
94 13
97 18
94 23
94 25
97 24
97 30
102 34
103 34
107 35
104 36
103 36
102 36
100 36
101 36
103 43
102 42
100 42
101 42
97 40
97 35
94 34
84 43
81 43
80 44
80 47
84 48
80 49
79 47
77 43
78 36
80 34
84 34
84 25
84 21
87 17
86 15
86 14
86 13
84 11
86 6
80 10
79 10
80 17
80 20
80 24
79 24
80 27
74 21
74 25
71 25
71 27
71 29
71 31
71 33
71 38
71 36
71 40
71 42
74 46
74 48
71 47
64 40
64 39
64 37
64 36
61 38
61 34
57 35
58 35
57 34
56 35
55 35
57 27
58 26
61 26
55 19
57 16
64 13
71 17
71 15
71 13
71 12
74 11
71 10
71 6
63 6
62 0
61 0
60 0
48 6
48 13
51 18
48 19
48 21
48 23
54 26
48 25
48 27
48 29
48 31
48 33
51 38
48 43
48 44
48 45
48 51
48 54
48 56
48 58
48 53
51 52
55 42
57 46
56 51
57 51
61 52
63 54
63 55
63 56
64 58
57 58
56 61
55 61
57 61
58 61
64 62
64 63
71 70
71 71
64 66
64 65
61 64
57 68
55 68
56 68
51 70
48 71
48 69
51 64
34 61
28 58
25 57
25 59
17 58
17 59
17 60
