2248.0 19891.0 0.0 395
35 72
48 73
71 74
5 59
56 68
71 58
87 38
17 63
48 43
103 50
107 15
80 40
25 58
109 47
28 59
51 29
56 27
94 19
87 20
84 56
107 66
101 42
40 19
0 42
32 53
78 61
48 51
51 8
94 65
28 42
28 55
41 65
71 53
97 20
74 47
0 22
71 21
33 58
107 83
57 77
2 46
110 42
51 58
35 46
28 80
77 58
51 13
25 16
103 66
94 78
94 76
94 57
5 80
100 34
2 39
41 39
61 11
33 24
107 24
38 25
5 8
56 10
84 43
103 67
28 15
0 29
78 65
38 80
34 26
0 8
94 48
48 66
33 60
25 68
34 44
48 36
80 50
107 20
48 21
18 38
57 80
60 89
108 89
2 32
28 45
48 30
57 10
108 0
28 75
48 64
84 68
102 42
18 46
78 45
71 72
48 50
94 73
104 80
110 40
100 42
86 6
0 50
41 62
109 46
8 77
51 69
48 47
63 51
110 22
97 7
64 77
48 15
25 37
61 13
63 62
63 60
48 17
48 38
74 61
56 14
11 10
79 63
38 75
55 27
25 70
9 49
103 43
41 64
48 75
17 65
84 41
2 49
103 75
51 82
51 24
110 13
94 50
103 19
71 36
38 63
61 89
110 50
110 33
110 30
48 69
2 74
2 72
104 28
79 45
61 58
110 38
71 51
97 32
25 21
2 62
17 45
51 37
48 59
10 57
61 69
2 31
104 12
32 60
103 59
12 56
63 42
25 17
71 46
122 45
48 72
25 83
25 24
102 34
57 27
48 32
57 45
110 14
15 77
102 21
41 36
97 77
74 83
71 22
33 41
71 37
71 64
63 53
9 70
109 55
41 77
32 72
25 89
78 71
51 11
102 75
110 37
2 51
41 21
72 38
58 5
103 12
110 17
51 56
78 58
34 58
2 58
103 28
40 17
51 71
17 64
28 25
101 21
104 21
48 41
51 20
48 11
74 56
84 60
48 28
41 73
80 45
80 67
110 25
55 14
33 53
8 56
2 60
63 52
97 11
110 32
25 44
48 60
57 68
110 23
17 31
94 59
71 48
74 65
34 24
41 69
61 0
74 68
74 41
11 57
2 70
25 69
57 55
61 71
63 41
35 60
33 72
0 51
101 28
101 12
26 39
48 77
38 42
2 63
0 45
94 61
110 26
63 73
79 59
48 40
84 83
102 12
48 52
34 21
97 15
94 45
84 64
38 59
110 29
102 19
87 23
25 19
40 83
48 53
110 16
48 19
56 55
15 8
61 56
41 48
34 79
94 55
101 75
79 50
41 10
2 53
94 69
87 35
41 61
78 50
0 81
18 67
40 18
48 25
0 47
51 16
0 44
103 5
103 35
0 43
17 39
74 52
109 57
57 64
25 10
34 53
25 54
0 15
5 84
62 89
48 34
0 46
12 77
11 78
11 67
34 72
38 49
2 65
0 48
48 62
2 76
94 67
0 49
71 6
34 46
12 5
102 28
110 34
94 46
2 55
34 60
33 46
48 56
25 42
97 83
81 80
41 76
80 58
71 56
28 63
97 24
32 46
2 45
72 23
74 43
80 75
71 65
2 67
63 75
48 45
71 73
48 23
41 50
107 74
101 34
40 68
34 13
34 41
79 55
63 74
57 14
71 61
103 74
109 48
2 38
71 60
28 49
61 8
63 50
63 43
15 56
38 45
80 55
94 71
97 40
33 44
25 56
80 10
9 57
63 61
100 28
18 30
41 51
94 63
25 38
80 25
41 74
110 41
103 21
51 33
41 47
35 72
