2538.0 1737.0 1645.0 436
25 57
28 59
28 57
34 60
34 56
33 56
34 52
25 54
25 52
25 50
25 48
25 47
15 45
12 45
11 46
9 46
10 46
8 45
5 48
2 49
0 53
5 54
10 58
11 58
10 51
9 51
11 51
12 51
15 54
18 52
18 53
18 55
18 56
17 61
15 59
9 63
5 59
2 58
0 60
2 61
2 63
0 67
2 65
2 67
2 69
8 70
10 71
11 71
12 70
15 70
15 72
11 77
9 73
5 72
2 71
0 74
0 73
2 74
2 76
2 75
0 79
0 81
2 82
2 83
2 85
0 87
2 87
5 93
5 91
11 87
11 90
15 93
15 91
18 87
17 84
17 85
17 83
25 84
28 84
28 88
28 91
28 95
34 89
34 86
34 83
33 83
38 84
38 79
41 78
41 77
41 80
41 81
48 83
48 79
48 81
51 82
58 85
61 88
57 89
51 88
48 93
48 95
60 101
61 101
62 101
74 95
80 90
79 89
78 89
77 89
74 87
74 79
77 81
78 81
79 81
80 82
87 80
87 81
87 79
87 77
87 76
87 73
87 72
87 70
87 69
84 71
80 75
81 75
79 75
78 75
74 71
77 75
81 68
79 68
80 68
78 68
74 63
74 59
74 67
71 67
71 64
71 62
71 60
71 58
64 60
71 56
71 54
74 55
78 53
80 53
79 53
84 49
84 51
94 56
94 55
94 60
94 62
94 64
94 68
94 66
97 69
94 70
97 75
103 85
97 81
87 85
87 84
87 87
87 88
87 89
81 92
84 95
94 96
94 97
95 98
97 101
108 101
110 98
110 95
110 83
107 81
110 82
110 81
110 79
122 73
110 73
110 75
110 76
110 77
107 75
104 72
103 72
102 72
101 72
97 65
97 61
101 59
102 59
103 59
109 55
110 56
109 49
110 48
122 45
110 40
109 41
94 48
94 49
94 42
94 41
86 40
86 41
86 42
80 44
80 48
79 48
74 51
74 49
71 51
71 49
71 46
71 44
71 42
71 40
74 37
71 39
61 33
61 29
63 25
63 24
63 23
63 22
64 18
71 25
74 30
74 33
80 28
80 31
80 15
87 25
94 17
94 16
95 18
103 20
110 15
110 18
103 5
108 0
86 9
84 6
80 5
74 6
71 9
63 11
61 8
61 6
61 0
62 0
60 0
57 5
51 6
51 8
48 11
38 8
35 5
34 9
28 8
25 13
17 13
17 14
17 15
18 17
15 21
11 22
11 20
10 20
11 17
15 11
12 8
11 5
5 7
0 8
5 11
2 12
2 13
2 15
2 17
0 15
2 20
5 21
9 22
10 22
12 27
11 27
10 27
9 27
5 30
5 24
2 23
0 22
2 25
0 29
0 32
2 35
5 35
5 37
2 38
0 39
0 43
0 44
0 45
0 46
2 47
2 44
2 42
2 40
9 38
11 34
10 34
15 35
15 37
18 32
18 31
15 30
18 28
18 29
25 22
25 15
28 18
32 21
28 23
25 24
25 29
25 27
28 28
33 26
32 26
34 26
34 21
33 21
34 17
38 18
48 18
48 22
48 23
48 24
48 25
48 27
48 29
48 30
38 32
34 31
33 31
28 32
25 32
25 34
25 35
25 37
25 39
25 43
25 45
34 39
40 50
40 49
40 48
40 45
40 43
41 39
40 37
40 36
40 35
48 33
48 34
51 30
51 34
55 30
54 27
56 28
55 27
57 27
56 32
55 34
57 36
64 46
64 49
61 52
57 51
56 51
61 54
63 56
63 57
63 58
61 64
57 60
57 63
55 67
57 71
56 76
57 76
55 76
51 78
48 77
48 70
48 68
48 69
51 64
48 60
48 58
48 56
48 55
51 54
51 52
49 49
48 47
48 48
48 52
38 57
38 59
38 67
34 67
34 68
38 75
35 76
34 75
34 76
33 76
32 76
28 79
25 74
25 72
25 70
25 68
25 64
25 66
25 62
25 60
25 57
