2402.0 4.360932404982475e+16 0.0 423
48 47
17 64
78 56
0 27
77 70
94 18
11 51
71 80
61 92
109 21
51 38
74 83
94 23
11 24
102 70
0 76
107 51
104 70
72 32
79 70
80 17
94 58
18 22
102 65
31 31
101 70
18 28
97 29
94 9
25 24
28 89
40 70
38 89
80 63
81 49
9 83
87 29
25 45
51 69
41 69
57 68
61 97
18 19
86 6
11 59
56 39
25 22
71 84
107 78
40 34
107 55
9 26
61 36
87 68
87 70
48 78
57 5
97 48
9 33
10 26
102 46
51 40
2 34
48 62
72 47
12 17
38 18
48 13
103 83
87 62
55 73
2 9
25 84
62 0
5 86
10 84
101 56
10 59
10 73
25 33
64 21
57 58
5 90
51 42
103 86
5 20
61 40
0 63
17 63
41 13
74 60
25 47
87 51
25 77
40 6
71 45
48 30
2 75
84 89
40 42
63 61
61 0
110 72
103 65
97 52
11 58
40 84
28 91
28 21
34 88
71 6
94 42
25 20
40 35
5 29
8 45
25 13
87 54
2 67
2 38
110 43
71 30
25 40
25 43
63 28
94 41
9 86
51 23
60 97
5 60
71 76
107 29
25 30
94 45
11 70
71 87
48 28
74 89
63 46
104 26
56 68
61 71
87 47
18 27
97 67
87 65
10 14
107 14
11 73
80 34
63 47
38 31
80 56
71 31
94 51
5 35
56 20
79 49
94 68
79 56
57 15
58 20
110 75
63 29
80 19
15 60
15 45
94 11
48 69
64 22
61 23
0 69
107 47
84 91
12 45
48 74
109 20
74 79
25 70
5 15
64 25
33 19
94 66
103 5
2 60
51 83
28 18
2 63
77 62
34 45
15 85
25 85
77 56
101 52
71 78
12 26
57 35
55 20
108 0
0 82
103 23
57 39
87 58
103 77
63 60
87 66
80 73
97 85
41 77
57 64
71 13
2 44
48 53
63 45
2 53
41 85
0 45
62 97
48 46
80 49
56 73
25 32
25 78
2 55
103 30
2 49
2 51
64 24
25 97
87 53
87 44
95 43
10 88
18 31
2 47
15 82
63 30
110 71
61 9
84 18
110 23
97 88
48 32
101 45
2 24
94 21
2 72
97 78
61 58
10 33
57 20
25 17
58 89
81 56
25 71
51 9
10 70
2 57
15 20
57 51
0 26
10 17
48 71
55 11
2 62
51 92
40 78
34 49
0 44
48 82
51 36
64 32
79 17
33 17
15 89
41 37
18 30
38 91
97 92
15 15
94 59
11 76
102 54
79 62
51 7
48 45
103 13
87 57
18 18
97 55
11 67
94 81
94 19
71 17
108 97
32 24
87 32
17 65
48 14
5 82
9 90
11 33
71 74
100 45
48 64
2 65
79 73
18 67
48 27
51 79
94 54
101 65
87 13
9 70
2 42
103 70
57 8
74 87
18 21
63 62
80 71
35 31
25 28
11 26
57 86
87 60
48 40
87 69
94 47
0 12
60 0
48 76
40 33
25 41
48 36
15 58
9 38
2 15
109 81
0 51
25 37
87 61
0 25
5 25
48 51
109 19
103 45
51 88
110 40
103 60
0 43
9 17
94 52
10 24
5 78
48 60
63 44
94 48
48 55
32 19
2 73
107 73
11 5
2 11
74 75
78 73
17 47
87 50
110 74
48 44
97 73
5 72
2 36
2 70
15 29
71 82
74 91
17 49
51 71
57 73
78 62
34 37
102 50
34 17
48 12
40 41
48 80
97 14
71 46
12 79
84 52
0 28
61 38
11 17
74 52
56 35
61 69
0 57
48 57
94 57
48 66
101 48
25 26
48 84
74 68
25 6
78 70
40 43
61 42
103 54
9 73
2 40
51 75
57 32
25 35
78 49
15 25
80 88
11 14
48 59
74 18
5 75
34 19
48 47
