13912.0 9406.0 13515.0 2566
299 43
299 46
299 49
299 52
299 55
299 58
299 61
299 64
299 67
299 70
299 73
299 76
299 79
299 82
299 88
299 91
299 94
299 97
299 100
299 102
299 103
299 104
299 105
299 106
299 107
299 110
299 112
299 115
299 118
299 121
299 124
299 127
299 130
299 136
299 139
299 142
299 145
299 148
299 151
299 154
299 160
299 163
299 166
299 169
299 172
299 175
299 178
299 181
291 183
299 184
299 187
299 190
299 193
299 196
299 199
297 203
296 203
295 203
294 203
291 197
291 193
288 193
288 194
288 203
283 203
281 197
284 193
285 186
285 181
287 180
291 177
285 175
278 173
278 175
278 177
278 176
278 179
278 181
278 182
278 183
278 186
278 188
278 190
278 192
268 203
258 197
258 193
258 190
255 186
255 184
255 182
255 180
255 178
255 177
255 176
255 174
261 187
264 191
264 188
265 187
268 187
268 178
262 180
264 175
262 176
262 167
264 167
271 151
270 150
270 148
271 138
278 142
278 144
278 147
278 148
279 150
278 152
278 153
278 157
278 156
278 158
278 163
278 165
278 167
278 169
278 170
278 171
287 168
285 169
287 174
291 171
293 163
293 165
294 157
293 153
293 156
294 151
293 147
293 144
293 142
294 136
293 135
293 132
293 126
294 130
291 117
291 123
285 121
287 120
285 115
284 112
288 112
287 114
291 112
291 104
288 104
285 105
284 104
278 107
278 105
278 103
278 101
278 99
278 95
278 97
285 97
285 93
291 95
287 92
285 87
287 86
291 89
291 83
285 81
287 80
291 77
285 75
287 74
287 63
291 62
288 59
288 58
291 58
291 50
288 50
284 50
285 51
284 58
281 62
278 57
278 55
278 53
278 51
278 49
278 47
278 45
278 43
278 41
278 39
278 37
278 35
278 33
278 31
278 29
278 27
278 25
278 23
278 21
278 19
268 22
268 31
265 31
262 32
261 31
261 39
262 42
264 41
265 39
268 39
268 44
268 50
262 48
264 47
255 48
255 49
255 50
255 52
255 55
255 54
255 56
255 58
255 60
255 61
255 62
255 64
262 60
264 65
264 59
262 54
264 53
268 56
268 62
278 67
278 69
278 73
278 75
278 76
278 77
278 79
278 81
278 82
278 85
278 87
278 88
278 89
278 94
278 93
278 91
278 83
268 74
268 79
264 82
263 82
255 84
248 82
248 84
248 83
248 88
248 89
248 91
248 92
248 93
242 87
241 87
241 85
240 84
239 84
240 87
239 87
238 87
238 84
235 82
235 77
232 76
225 71
225 72
222 73
219 70
218 70
217 70
216 70
217 74
216 74
218 74
222 87
218 94
222 91
217 102
218 102
235 99
238 100
235 91
239 93
238 93
240 93
241 94
242 96
245 99
245 103
235 103
235 108
245 108
264 101
278 111
278 109
278 113
278 115
278 116
278 117
278 119
278 121
278 122
278 123
271 121
270 122
278 126
279 129
278 127
278 131
278 132
278 135
278 137
278 136
271 132
255 136
256 137
255 134
255 133
247 133
248 131
247 136
248 137
247 143
255 148
255 149
255 151
255 150
245 148
247 145
241 147
241 149
240 147
240 149
239 149
238 152
235 151
239 152
239 155
240 155
240 153
241 152
245 154
241 155
241 158
247 167
247 171
241 173
232 170
232 171
235 175
232 178
232 180
232 182
232 184
239 178
238 185
242 185
245 185
247 195
245 193
242 193
239 186
232 186
232 190
232 188
232 192
238 193
232 195
233 203
234 203
232 203
224 195
218 203
217 203
216 203
209 195
209 192
209 191
209 190
209 188
209 187
216 190
218 189
222 192
222 187
217 186
218 185
222 183
218 180
222 178
219 178
215 178
216 181
216 185
215 185
209 185
209 183
209 182
209 181
209 179
209 177
209 175
209 173
209 171
209 169
216 171
215 170
219 170
222 170
232 168
232 167
235 164
235 160
232 157
235 157
232 155
232 154
232 152
232 151
232 149
235 148
232 147
232 143
232 145
232 138
232 137
232 136
232 133
232 132
233 130
232 128
232 127
235 125
238 121
239 121
241 121
240 121
242 121
248 123
248 124
247 127
255 122
255 123
248 115
248 114
245 116
248 118
248 119
245 120
242 117
241 117
240 117
239 117
241 113
242 113
240 113
239 113
235 116
232 113
232 117
235 120
232 122
224 131
222 127
219 124
218 121
212 123
212 127
209 130
209 131
209 133
212 134
215 135
216 135
217 135
217 133
218 133
218 135
219 135
222 134
225 138
225 137
225 142
225 141
222 143
219 140
217 140
218 140
216 140
212 139
209 136
209 140
209 144
212 143
212 147
209 149
212 152
215 148
216 148
217 148
219 148
218 148
216 144
217 144
218 144
219 144
222 147
225 146
225 145
225 150
225 151
225 158
216 163
209 158
209 163
209 165
209 167
201 165
201 167
195 169
189 171
186 167
186 165
178 162
178 164
172 166
172 174
172 177
176 175
176 178
176 180
178 183
186 185
186 178
186 179
189 175
189 182
195 181
201 179
199 182
201 185
202 192
189 197
195 195
186 192
178 191
173 185
176 188
172 194
166 196
166 188
163 182
163 183
166 180
166 178
166 175
163 172
163 170
163 164
163 162
155 168
156 175
155 179
149 181
149 189
153 190
163 192
163 191
153 195
153 193
149 192
143 195
143 193
143 190
140 187
140 185
140 179
140 178
140 175
140 168
132 163
132 164
132 160
132 159
130 157
130 154
133 152
133 153
132 148
132 149
132 145
132 143
132 136
133 137
132 133
133 131
140 129
140 128
132 127
130 121
132 116
132 115
130 113
130 109
132 104
132 103
132 99
130 96
126 92
126 95
125 95
120 96
120 94
117 95
117 98
117 99
117 102
117 103
117 104
126 108
127 110
125 108
120 109
117 108
109 109
109 110
109 111
117 115
120 113
117 116
117 118
117 119
117 120
120 121
123 118
124 118
126 118
125 118
126 122
120 124
117 127
117 128
118 130
117 132
117 133
117 136
117 137
117 138
117 143
117 145
117 148
117 151
117 149
124 151
125 151
126 151
127 151
125 156
126 155
124 155
123 155
120 154
117 155
117 157
117 160
117 159
117 162
117 164
117 163
126 170
133 180
130 185
126 184
125 184
126 186
130 187
130 190
130 192
132 195
126 189
117 195
110 194
108 203
120 192
120 190
120 187
120 185
117 184
117 180
109 178
109 181
109 182
109 187
107 185
102 184
103 184
97 185
94 194
90 203
89 203
80 191
72 203
74 197
74 193
74 190
71 185
80 188
87 185
94 187
94 184
94 181
94 182
94 178
94 177
97 175
97 171
86 175
86 178
86 172
86 170
87 164
86 160
86 163
87 158
86 154
80 149
71 147
71 142
71 141
71 140
71 137
71 136
72 134
71 132
71 131
64 131
64 137
49 136
48 135
48 133
48 132
48 121
48 122
41 118
40 117
40 124
40 126
40 129
41 133
40 135
41 139
40 138
40 145
48 147
48 148
48 150
48 149
63 147
64 150
63 149
71 155
71 154
72 157
71 159
71 160
71 164
71 163
71 165
71 170
71 172
71 175
71 174
71 177
71 178
63 183
64 184
63 180
64 178
63 174
55 166
57 166
48 174
48 175
49 177
48 180
48 185
48 190
48 192
51 196
53 203
54 203
63 203
63 192
63 190
57 194
48 184
48 183
48 179
41 175
40 177
40 180
41 181
40 189
40 187
40 192
38 195
34 194
36 203
28 195
25 192
25 191
25 187
25 189
25 181
25 182
25 180
25 177
25 176
26 174
25 172
25 171
25 168
25 166
40 171
40 168
40 166
41 160
40 156
40 159
41 154
40 150
40 147
25 147
25 145
25 140
25 139
25 138
25 134
25 135
26 132
25 130
25 129
25 126
25 124
25 119
25 117
25 118
25 114
25 113
26 111
25 109
25 108
25 105
25 104
41 112
40 114
40 108
40 105
40 102
40 99
40 98
41 94
41 95
38 96
35 93
28 96
32 93
33 93
34 93
40 91
40 90
40 87
40 86
48 85
48 86
48 89
48 91
48 90
48 96
48 98
57 100
63 98
63 96
64 90
63 89
49 83
48 80
48 81
41 79
41 80
38 81
35 78
34 78
34 82
33 82
32 82
28 84
25 85
25 86
25 87
25 89
25 90
25 91
25 93
25 97
25 98
25 99
25 101
25 102
18 102
17 106
18 110
17 112
18 116
17 115
17 122
17 124
17 127
17 133
18 131
17 136
18 137
2 137
2 138
11 145
17 143
17 150
17 153
17 156
25 151
25 150
26 153
25 156
25 155
25 159
25 161
25 160
17 160
17 163
11 165
10 165
10 178
11 178
11 189
18 203
17 203
16 203
15 203
2 195
2 193
0 193
0 184
2 179
0 175
0 166
2 166
2 163
2 160
2 159
2 157
2 156
2 153
2 152
2 150
2 149
0 148
0 145
2 143
0 139
0 136
2 136
2 133
2 132
3 130
2 128
0 130
2 127
0 127
2 122
2 124
0 118
0 121
2 117
2 116
2 115
2 112
0 111
0 112
2 111
3 109
2 107
2 106
2 102
0 103
0 102
0 100
2 94
2 96
5 96
5 93
2 93
2 91
0 91
2 89
2 88
2 87
5 86
8 83
9 83
10 83
11 83
10 76
11 76
17 74
17 73
17 79
15 77
17 80
17 81
15 86
9 91
10 91
10 94
9 94
11 94
11 91
17 89
17 88
25 84
25 82
25 78
28 81
32 78
33 78
38 74
38 72
34 71
34 68
33 68
32 68
28 70
28 72
28 74
25 70
25 66
25 68
25 65
25 64
28 63
28 61
25 60
25 62
25 56
28 54
25 51
25 47
25 49
28 49
28 46
25 43
25 40
28 38
25 35
25 32
25 34
28 28
28 31
25 25
25 23
17 26
17 27
17 28
10 30
11 30
15 31
17 33
17 34
17 35
15 41
10 37
11 37
11 40
10 40
9 42
10 42
11 42
12 45
15 48
15 52
11 51
11 53
10 51
5 55
8 62
9 62
11 62
10 63
9 65
10 65
11 65
12 65
15 64
17 59
17 60
18 66
18 67
15 71
15 68
10 70
11 69
9 69
8 69
5 68
2 71
2 72
2 73
2 74
2 76
5 77
2 80
2 85
2 83
2 84
0 82
2 81
2 79
2 78
0 73
2 69
2 65
2 64
0 64
2 62
2 60
2 59
2 58
0 55
2 51
5 52
5 44
5 48
2 44
0 46
0 43
2 42
2 40
2 39
2 37
0 37
5 41
5 39
9 37
2 35
2 34
2 33
0 33
0 32
2 32
5 31
2 30
0 28
2 28
2 27
2 26
2 25
2 23
2 21
0 19
2 18
5 19
5 23
9 21
10 21
11 21
11 18
10 18
15 19
17 16
15 11
11 12
9 12
10 12
12 8
11 5
5 11
5 14
2 16
2 12
2 14
0 10
5 7
8 0
14 0
15 0
16 0
17 0
18 0
28 7
37 0
38 0
36 0
34 5
35 8
38 11
38 13
34 12
33 12
34 14
33 14
34 16
32 16
33 17
31 16
28 15
28 13
25 12
28 11
25 14
25 16
25 18
25 19
25 21
28 20
31 21
32 21
33 22
32 25
33 25
34 25
35 25
34 21
34 19
33 19
38 23
38 20
38 18
38 15
48 17
48 15
48 12
51 13
51 11
51 7
53 0
52 0
54 0
63 0
72 0
73 0
74 0
74 6
71 9
57 5
58 8
57 12
56 12
61 11
61 13
56 15
57 15
55 15
51 20
51 17
51 24
51 26
48 27
48 25
41 26
41 27
38 28
34 29
34 32
32 32
31 32
33 33
33 35
32 35
34 35
38 34
35 35
38 38
41 37
41 36
41 45
40 40
41 44
35 42
34 42
33 42
32 42
31 42
32 47
33 47
34 47
31 50
32 50
33 50
34 50
35 50
35 55
34 55
33 55
32 55
31 55
28 59
33 60
34 60
33 62
34 62
40 66
48 65
48 67
40 65
38 63
38 61
41 58
41 57
41 52
41 53
51 51
48 46
48 45
48 44
51 43
48 40
48 39
48 37
48 35
48 32
51 30
51 36
54 37
55 37
56 38
55 40
56 40
57 40
58 40
57 37
57 35
56 35
55 27
56 27
58 27
57 27
56 25
57 25
58 21
57 18
61 24
61 26
61 30
64 28
64 29
63 32
61 39
61 36
64 41
61 43
64 42
63 45
63 46
58 48
61 51
61 54
56 53
55 52
55 55
51 55
51 59
56 57
55 59
61 58
57 61
51 70
51 73
51 75
57 69
61 70
57 72
61 73
61 75
63 80
64 84
63 86
71 84
71 82
71 87
71 88
72 90
71 92
71 93
71 96
71 97
71 98
71 103
71 105
71 108
71 109
72 111
71 113
71 114
71 117
71 118
71 119
63 121
64 120
71 124
80 126
86 124
87 118
86 117
86 114
87 112
86 108
86 103
86 105
94 114
94 116
94 118
94 120
97 120
94 122
94 121
94 127
94 128
95 130
94 133
94 132
94 136
94 138
94 143
94 137
86 131
87 135
86 137
86 140
87 141
86 147
94 145
94 147
94 149
94 148
94 151
94 153
94 156
94 154
97 155
100 151
101 151
102 152
103 151
102 154
103 154
103 156
102 156
101 156
97 158
94 158
94 163
94 165
97 168
97 165
97 162
101 163
102 163
103 166
103 169
103 163
104 159
107 162
107 155
107 153
109 149
109 148
109 145
109 143
110 137
109 136
109 133
110 131
109 127
109 122
107 117
107 115
103 114
102 114
103 116
102 116
103 118
102 118
101 118
97 117
97 115
94 111
94 110
94 109
94 108
97 107
100 102
101 102
103 102
102 103
103 105
107 104
107 100
107 96
103 95
102 95
103 98
102 99
101 98
100 98
97 96
94 98
94 95
94 100
94 102
94 104
87 97
86 96
86 93
87 91
86 87
86 84
86 82
87 76
86 75
94 71
94 73
94 70
94 69
97 68
94 65
86 66
87 70
86 72
71 76
71 77
71 75
71 72
71 71
72 69
71 66
71 67
71 61
71 59
74 54
80 55
84 54
81 51
86 48
86 49
84 46
86 42
86 41
80 44
79 45
78 44
77 44
71 49
71 48
71 47
71 46
71 44
71 42
71 41
71 40
71 36
71 35
71 34
74 33
71 32
71 31
71 29
71 27
71 26
71 25
71 23
71 21
71 20
71 19
71 16
74 24
80 23
79 23
77 29
78 29
79 30
80 29
80 32
79 32
84 31
86 27
86 26
84 24
86 20
86 21
87 16
86 9
84 6
80 5
87 0
88 0
89 0
90 0
94 9
94 12
94 14
94 15
97 18
101 15
102 15
104 15
103 15
110 17
107 18
110 16
103 12
101 12
102 12
97 14
97 6
103 5
108 0
109 0
107 6
109 9
120 6
120 8
126 5
126 0
130 6
130 8
125 12
126 12
124 12
120 14
117 12
117 15
117 14
120 18
117 19
117 21
117 20
107 29
104 30
103 30
101 30
102 30
100 27
101 27
102 28
103 27
103 19
94 23
94 25
94 27
94 29
94 30
84 33
86 35
86 36
94 34
97 33
97 37
94 35
94 36
94 38
97 39
94 40
94 45
97 43
100 44
101 44
102 44
103 44
104 44
103 40
102 40
101 40
102 38
100 34
101 34
102 34
103 34
107 33
110 32
110 31
117 33
117 31
120 28
120 26
126 27
125 31
126 31
126 33
130 34
130 37
130 32
130 28
130 26
127 23
124 15
126 15
125 15
127 15
130 18
132 21
132 20
133 17
133 16
140 16
140 18
140 22
143 23
140 24
140 26
143 27
140 28
143 31
147 32
149 32
148 32
143 34
140 31
140 33
140 37
140 35
133 39
133 40
133 45
133 46
130 47
126 48
120 54
117 57
117 58
117 59
120 50
120 47
117 44
117 42
120 43
120 41
124 44
125 44
126 42
125 42
126 44
127 44
130 43
130 41
127 38
126 38
124 38
125 38
126 35
125 33
124 35
125 36
123 35
120 34
120 32
117 35
117 37
117 38
110 42
110 41
107 39
107 37
103 38
104 40
107 43
110 46
110 47
103 51
102 51
97 48
97 52
94 51
94 54
94 56
97 55
102 56
103 54
102 54
107 52
107 55
104 56
103 56
101 56
97 59
94 60
97 63
100 64
102 64
101 64
104 64
103 64
101 60
102 60
103 60
104 60
107 59
110 57
110 58
110 61
110 62
107 63
110 66
110 67
109 70
109 71
103 73
102 73
101 73
97 75
94 75
94 77
94 79
94 78
97 84
94 89
94 91
103 85
104 81
109 79
109 78
107 84
117 89
120 83
117 80
117 78
117 77
117 76
117 74
117 73
117 72
117 68
117 66
117 64
117 65
117 60
117 62
120 64
124 62
125 62
126 62
132 60
132 59
132 58
132 57
140 53
140 47
143 46
140 43
140 42
140 39
143 38
143 42
147 43
148 43
150 43
149 43
147 47
143 50
148 51
149 51
149 47
148 47
150 47
153 46
156 44
156 45
156 48
156 49
153 50
163 51
163 53
166 53
166 55
163 57
163 59
166 63
166 67
163 66
163 68
163 70
155 74
153 71
149 70
148 77
149 77
147 77
143 71
140 74
140 78
143 79
143 83
140 84
140 82
140 80
132 78
132 77
132 74
132 73
130 71
133 70
133 69
132 66
126 68
127 68
125 68
124 68
120 71
125 80
124 80
126 80
127 80
130 83
133 81
133 82
133 89
140 91
140 87
143 87
148 90
149 90
148 101
149 101
140 103
149 120
150 123
143 122
143 126
141 131
140 133
140 134
140 137
140 138
140 139
140 146
140 144
140 150
149 148
148 148
155 144
155 146
155 137
156 138
155 134
156 132
155 128
153 126
163 125
163 126
164 128
163 130
163 131
163 134
163 136
163 135
163 141
163 146
163 143
163 147
164 149
163 151
163 152
163 156
163 155
163 157
178 155
179 156
178 152
179 150
178 146
178 143
178 141
179 135
178 134
178 131
179 129
178 125
186 108
186 107
187 110
186 112
186 113
186 116
186 117
186 118
186 123
186 125
186 128
186 129
187 131
186 133
186 134
186 137
186 138
186 139
186 144
186 146
186 150
186 149
187 152
186 154
186 155
186 158
186 159
186 160
201 158
202 159
201 155
202 153
201 149
201 144
201 146
202 138
201 137
201 134
202 132
201 128
201 125
201 123
202 117
201 116
201 113
202 111
201 107
199 103
195 102
189 103
186 98
186 100
189 93
186 89
186 86
186 84
186 82
189 81
186 80
189 85
189 89
196 90
195 94
199 93
209 100
209 98
209 104
212 92
216 92
217 90
212 88
216 88
217 86
216 85
212 84
209 84
209 81
212 80
209 79
209 77
209 75
212 76
212 73
209 70
202 64
202 61
202 60
202 59
202 57
209 53
218 51
217 51
212 50
209 50
209 47
199 55
195 56
196 56
194 56
193 56
194 54
195 54
199 50
195 47
199 48
201 34
202 35
199 32
199 30
202 29
202 28
209 32
209 34
212 35
209 36
209 39
209 40
209 41
209 45
212 46
216 44
217 44
218 44
224 39
225 40
232 41
232 43
232 45
232 47
232 50
232 60
232 63
235 66
235 71
238 73
239 73
240 73
241 74
238 78
240 76
239 78
241 78
240 78
242 78
241 76
245 77
248 79
248 80
248 73
248 72
248 69
248 71
248 68
255 72
255 74
255 73
258 79
265 76
264 71
268 68
262 66
262 72
255 70
255 67
255 68
255 66
248 65
248 64
245 61
245 57
245 53
239 51
240 52
239 54
240 56
239 58
241 60
240 60
241 62
242 62
242 67
241 67
240 67
239 67
238 67
240 62
239 62
238 62
235 61
235 58
235 54
235 50
235 46
235 42
235 36
232 33
232 31
235 26
232 25
224 21
224 22
222 28
218 27
217 29
218 29
216 29
217 27
217 24
218 24
216 24
212 26
212 28
212 31
209 30
209 27
209 24
209 26
209 22
209 21
209 20
209 18
209 16
202 13
201 6
195 18
194 18
194 20
193 20
195 20
196 20
199 19
202 21
202 23
202 24
202 25
199 23
196 27
195 27
193 27
194 27
195 31
194 31
195 38
194 38
193 38
189 40
189 44
189 48
189 50
186 54
189 55
189 59
199 59
194 63
193 63
195 63
196 63
199 66
202 66
202 67
202 68
199 71
199 73
202 77
202 76
195 74
196 74
195 72
194 72
194 70
195 70
189 66
186 70
189 71
189 73
192 74
194 74
193 74
194 79
195 79
193 79
189 78
186 75
186 72
176 76
173 77
172 77
171 77
170 77
172 81
171 81
170 83
171 83
172 83
173 83
176 82
176 80
179 79
179 78
179 85
179 84
176 86
172 87
171 87
170 87
166 86
166 89
166 93
166 97
178 103
178 99
171 105
172 105
163 107
163 103
163 102
163 99
163 97
163 94
163 92
163 90
163 88
163 83
166 82
166 80
163 81
163 77
163 75
166 73
166 76
166 70
172 75
171 75
172 71
172 68
171 68
170 68
171 66
172 66
176 67
176 63
176 59
173 60
169 57
170 57
171 58
172 57
176 55
172 54
170 51
171 51
166 50
163 47
163 44
166 45
169 46
170 46
171 44
172 44
173 46
176 45
172 46
171 46
172 51
179 49
179 48
186 45
186 43
186 41
186 39
186 35
186 36
186 34
189 32
189 30
186 31
172 32
172 35
171 35
170 32
171 32
166 31
166 34
163 36
163 34
163 32
163 31
163 29
163 28
149 21
147 21
148 21
149 12
143 11
143 7
149 5
144 0
153 11
150 8
162 0
172 5
173 8
176 11
166 7
166 11
163 12
163 13
163 16
163 23
163 26
169 26
170 26
170 29
171 29
172 29
171 27
172 26
176 28
179 23
186 27
189 23
189 19
186 18
178 16
178 13
186 13
186 6
190 0
199 0
206 0
208 0
212 7
212 11
218 12
222 11
219 8
218 5
217 0
226 0
235 0
235 6
235 8
235 13
235 17
232 13
232 15
232 17
232 18
232 20
235 19
235 22
232 22
232 23
235 24
240 25
241 25
240 23
239 20
240 20
241 18
240 18
240 15
241 15
239 15
240 12
241 12
245 13
245 8
245 6
241 5
244 0
245 0
258 0
253 0
258 6
258 8
258 11
255 11
255 17
255 19
245 19
241 20
241 23
245 24
245 26
241 27
245 36
241 35
240 40
239 40
241 40
255 43
255 46
255 44
255 42
255 40
255 38
255 36
255 34
255 32
255 30
255 28
255 26
255 24
258 22
262 24
264 21
264 13
263 10
264 10
268 11
268 8
268 6
264 5
262 0
268 0
271 0
278 9
278 11
278 13
278 15
278 17
284 18
285 19
284 26
285 27
291 26
288 26
288 18
291 18
285 11
281 6
283 0
280 0
289 0
288 0
291 0
291 6
287 5
293 9
299 4
299 7
299 10
299 13
299 16
299 19
299 22
299 25
299 28
299 34
299 31
291 34
288 34
284 34
285 35
284 42
285 43
288 42
291 42
299 40
299 37
299 43
