2302.0 37160.0 0.0 379
11 5
248 21
97 31
126 16
61 32
176 14
172 11
217 18
103 18
194 16
123 22
94 16
281 26
232 13
25 12
218 26
201 24
291 18
248 25
186 12
133 17
163 22
148 20
171 20
97 17
145 0
262 12
71 23
255 13
255 24
287 15
258 17
255 6
25 20
278 17
186 14
201 22
222 17
107 21
209 18
51 27
34 11
28 8
107 31
133 18
146 0
240 19
163 20
172 16
57 26
199 28
235 18
61 20
71 19
61 27
278 28
149 15
222 19
247 13
248 20
239 19
238 19
163 13
9 22
84 14
241 26
147 22
242 31
245 34
218 12
140 18
218 14
281 29
286 10
2 23
201 23
281 8
287 20
217 20
11 21
278 14
2 18
34 16
149 22
133 21
107 8
9 16
9 29
199 14
153 21
255 23
193 12
255 32
97 19
10 31
189 28
240 25
120 30
166 26
123 16
48 6
120 8
84 20
120 34
152 0
25 23
97 6
55 12
2 24
264 21
216 20
149 29
71 30
102 18
107 14
163 31
25 31
94 10
103 30
153 0
255 20
235 30
293 31
218 16
209 12
32 22
186 24
15 24
166 21
262 22
140 17
217 10
103 16
193 16
34 21
218 20
189 20
38 8
172 24
97 8
61 14
241 17
217 16
94 28
140 20
202 18
147 0
143 21
120 27
61 25
117 14
163 12
212 28
125 22
48 16
219 5
2 14
130 14
186 13
232 9
117 10
103 20
126 28
140 14
264 16
241 19
186 17
117 13
2 11
195 30
143 24
209 20
149 0
189 31
148 22
156 10
80 11
140 10
212 11
151 0
192 16
199 31
199 33
278 18
186 25
247 15
195 16
186 22
264 11
238 25
94 12
212 17
239 25
247 9
232 14
186 6
172 27
94 13
9 26
285 8
186 10
195 11
222 8
241 5
2 9
281 22
78 12
247 12
58 22
38 24
176 23
48 10
126 11
288 23
103 5
89 39
154 0
212 15
5 33
291 7
124 22
212 32
299 20
285 5
25 10
107 19
212 8
218 10
209 16
48 13
94 18
25 24
125 16
217 12
176 21
140 16
278 16
166 17
2 16
241 28
202 19
245 6
147 16
87 30
264 26
71 16
103 11
148 0
218 23
242 19
71 12
86 23
57 29
163 14
9 33
291 11
217 14
171 22
101 12
11 15
71 18
195 27
172 20
117 12
222 11
281 12
103 22
127 16
15 32
71 13
163 33
209 14
163 10
235 6
176 17
55 18
61 30
38 14
10 27
107 6
25 13
2 22
149 20
15 28
170 12
2 17
235 34
133 22
222 15
124 16
25 22
140 22
94 14
212 25
286 28
209 22
201 6
2 20
163 6
285 16
63 6
32 12
94 20
80 17
102 20
140 24
126 23
51 32
240 17
278 31
212 22
270 6
153 18
48 12
5 29
35 5
291 26
232 15
291 29
235 23
126 25
255 10
97 21
80 5
130 8
299 31
57 17
94 26
48 18
248 24
189 33
285 12
209 10
212 13
268 24
196 16
28 18
120 20
218 18
255 30
172 22
102 16
41 31
268 14
212 19
71 10
178 6
71 20
48 20
232 17
78 18
57 11
48 14
286 6
287 28
25 14
124 12
201 25
150 0
133 20
127 5
222 13
15 18
255 14
255 12
186 23
166 23
232 12
255 22
74 7
51 30
48 19
248 23
247 14
268 17
245 18
51 25
71 14
107 17
11 5
