2358.0 1584.0 1160.0 343
140 28
143 31
143 34
143 36
149 42
153 36
153 34
153 31
153 29
163 24
163 22
163 20
163 18
163 16
169 17
170 18
176 17
173 17
169 25
166 28
166 31
166 35
172 29
172 26
173 25
176 25
186 26
195 32
201 26
199 23
195 22
195 21
199 21
209 23
209 25
212 24
212 28
209 27
209 29
209 32
209 34
212 37
209 37
212 33
216 31
217 31
218 31
232 31
232 29
232 27
232 25
232 23
232 21
235 22
235 26
235 30
235 34
235 36
241 33
245 34
245 36
255 36
255 34
255 32
255 31
258 28
262 28
264 30
268 27
278 35
294 35
299 21
299 16
291 14
291 16
293 19
287 25
287 15
287 13
286 13
285 10
287 10
286 10
287 5
281 7
281 12
281 14
281 16
278 19
278 13
278 12
278 10
268 6
264 5
258 6
263 10
262 10
264 10
263 13
264 13
263 15
264 15
265 17
268 14
268 16
268 23
268 20
263 22
262 21
262 24
263 26
258 24
258 20
258 16
258 14
258 12
255 15
255 13
255 12
255 10
247 6
248 13
241 16
241 20
240 20
239 20
235 18
232 13
232 6
222 8
224 11
224 12
218 14
212 20
209 19
209 21
209 17
209 15
209 10
209 11
209 12
212 16
216 14
217 14
219 5
212 8
202 10
195 14
189 23
186 20
186 18
186 16
186 14
186 10
176 8
173 5
170 10
166 8
163 12
163 14
163 10
155 6
149 8
140 6
130 6
126 5
126 11
124 12
120 6
117 10
110 10
101 14
94 10
93 0
84 6
80 5
80 8
74 6
84 9
84 11
80 16
78 17
78 21
71 25
71 24
71 23
71 21
71 19
71 18
71 17
71 15
74 9
74 11
61 8
58 5
57 11
55 12
51 8
48 10
48 12
48 13
48 14
40 6
32 10
31 17
34 18
35 17
38 17
38 19
38 21
32 25
25 31
25 27
25 29
25 25
28 21
28 19
25 16
25 14
25 12
25 10
25 6
12 5
15 8
15 17
12 17
11 18
9 21
5 20
8 17
9 10
5 8
0 4
0 7
2 10
2 12
0 13
2 14
2 16
0 16
0 19
2 21
0 22
2 23
0 25
2 25
2 27
0 28
0 31
0 34
0 37
0 40
6 42
2 34
8 28
12 28
15 28
18 34
28 34
31 32
34 33
35 32
38 32
38 34
48 35
48 28
48 24
48 25
48 23
48 21
51 18
57 16
61 14
57 22
55 23
61 25
63 28
64 35
71 36
71 34
74 29
80 30
80 27
80 23
84 19
94 14
94 16
94 18
94 20
94 23
94 25
94 27
94 31
94 29
97 34
97 36
100 32
103 33
104 32
107 36
107 34
107 32
101 25
100 21
104 21
107 21
109 23
117 12
117 14
117 13
120 19
120 23
125 25
124 27
120 27
117 33
117 35
126 29
130 26
124 23
124 20
125 21
130 22
130 19
127 16
130 14
140 22
140 24
143 21
140 20
143 17
143 13
143 10
149 11
149 20
148 20
147 22
153 21
150 29
149 30
149 33
146 29
140 26
140 28
