6506.0 4342.0 4889.0 1083
186 74
186 73
186 72
186 67
186 65
186 64
186 63
186 62
186 61
186 58
186 57
186 51
186 49
186 50
186 45
186 43
186 41
179 38
179 39
179 41
179 42
172 44
172 33
179 31
179 28
179 30
179 27
176 25
173 22
172 18
163 27
166 25
163 29
163 28
163 31
163 30
163 33
153 27
149 28
148 28
147 28
143 30
143 27
140 29
140 31
140 33
140 35
143 34
140 38
140 39
140 40
140 44
143 44
149 47
148 47
153 48
149 43
148 43
149 39
153 44
156 40
163 38
163 39
163 41
163 40
163 42
163 44
163 49
163 51
163 54
163 55
163 56
172 55
178 51
178 49
179 56
179 60
179 62
179 63
163 61
163 60
163 62
163 63
163 67
163 68
163 69
170 66
172 70
170 75
172 79
163 76
163 77
163 78
147 75
149 79
150 84
153 87
149 89
148 89
147 89
143 87
140 78
140 77
140 76
133 82
133 84
133 80
133 79
133 76
133 74
133 72
133 71
133 68
125 68
126 69
120 74
123 76
124 76
125 76
126 77
126 85
125 84
124 84
123 84
120 82
120 90
123 92
124 92
125 92
126 93
125 95
126 95
132 103
131 96
133 92
133 88
133 90
140 90
143 91
140 92
143 95
140 94
140 96
143 99
140 98
140 100
140 102
140 104
143 103
143 111
140 107
140 106
132 105
126 107
130 108
132 111
126 118
125 118
123 118
120 108
117 111
117 105
117 103
117 96
107 102
110 98
109 97
107 92
107 90
107 86
107 84
107 82
107 76
107 80
103 79
102 79
103 81
102 81
97 80
97 82
97 84
97 86
102 85
102 83
103 83
103 85
102 89
103 89
97 92
97 90
94 90
94 92
84 87
71 86
71 83
71 81
71 80
64 80
61 83
63 88
64 92
71 95
71 99
71 101
71 100
71 107
74 108
74 112
81 109
84 108
80 107
79 107
80 102
78 98
78 95
87 95
94 97
94 98
94 99
94 102
97 102
102 101
103 104
103 101
94 108
94 110
84 112
81 118
80 118
79 118
78 118
77 118
76 118
75 118
74 118
73 118
72 118
61 112
58 109
56 107
57 107
61 105
61 108
61 101
61 99
55 97
56 100
57 100
57 104
56 104
51 105
51 101
48 100
48 98
48 104
48 107
51 108
51 112
38 118
37 118
36 118
35 118
34 118
33 118
32 118
31 118
28 111
28 107
28 105
32 101
34 104
33 104
33 106
34 106
35 108
38 111
38 105
38 107
41 101
25 92
25 89
25 87
25 86
25 80
25 77
25 76
25 73
17 77
15 82
15 89
18 86
17 94
18 98
25 104
25 101
25 106
17 109
15 107
15 105
9 103
10 106
11 106
11 111
5 113
0 111
2 109
5 107
2 106
0 105
2 104
0 99
2 97
2 94
0 93
2 88
0 87
2 85
2 83
3 81
2 80
0 81
2 77
2 78
0 75
2 74
2 71
0 69
0 67
2 68
2 69
5 66
2 65
3 63
0 63
2 62
11 65
10 65
11 67
15 64
15 66
15 68
17 71
25 70
25 69
25 67
34 64
33 66
33 64
33 62
34 62
28 63
28 65
25 64
25 62
26 57
25 58
25 56
18 55
17 49
15 47
25 44
25 39
25 41
18 38
2 46
3 47
2 49
2 52
0 57
0 56
0 51
0 45
0 39
2 35
0 33
2 32
3 30
2 29
0 27
2 22
0 21
2 20
3 19
2 18
0 15
2 12
2 11
0 9
0 3
5 8
9 10
12 5
15 8
15 11
25 18
25 16
25 15
28 11
28 9
28 6
34 5
34 8
38 6
38 9
38 11
32 14
38 15
40 18
48 13
48 12
48 11
51 7
57 5
55 10
57 14
56 19
55 19
57 19
56 24
51 21
48 20
48 22
51 25
51 27
48 25
38 28
40 29
25 29
25 25
25 21
17 20
15 30
17 32
25 32
40 41
38 40
41 47
34 56
38 57
40 58
38 63
38 65
41 67
40 69
38 74
38 81
40 86
38 93
48 91
48 88
48 82
48 77
48 79
49 75
48 74
48 72
48 71
48 68
48 65
48 63
48 62
48 59
48 57
51 60
51 58
51 56
48 52
48 46
51 53
56 52
57 52
57 54
61 53
61 58
61 60
57 57
56 57
57 59
56 59
57 61
61 62
63 65
63 71
61 76
71 74
71 70
71 71
71 67
71 63
71 64
79 60
71 61
71 52
79 51
80 51
85 52
85 45
80 44
79 44
71 37
71 45
62 46
56 45
57 45
57 40
55 36
51 35
48 38
48 39
48 37
48 35
48 32
48 30
51 31
55 29
56 29
57 29
61 27
57 24
61 25
71 21
71 20
71 19
71 18
71 13
71 14
71 6
71 12
74 10
80 8
80 13
86 6
87 14
87 18
87 20
87 21
84 25
84 27
84 30
81 31
80 29
79 29
79 24
80 24
74 25
71 25
74 27
74 30
71 29
74 34
79 36
80 36
84 34
85 37
94 42
94 43
94 44
94 51
94 53
94 52
94 60
87 61
86 63
84 68
84 75
86 80
94 83
94 85
94 81
94 79
97 76
94 71
97 72
94 68
97 69
102 71
103 71
104 73
107 72
107 69
102 68
103 68
103 59
102 59
103 54
101 50
103 45
101 41
110 30
110 33
110 32
103 36
102 36
101 36
97 38
94 39
94 37
94 33
94 32
94 31
94 30
94 24
94 26
97 25
102 23
101 23
103 23
103 18
101 14
94 16
94 15
94 17
97 11
97 7
103 5
120 7
126 5
127 8
130 11
133 15
127 13
126 13
125 13
124 13
123 13
120 11
120 17
124 19
123 19
125 19
126 20
126 28
125 27
124 27
123 27
120 25
120 33
123 35
124 35
125 35
126 36
120 41
126 42
125 42
126 49
125 49
124 49
117 43
117 50
120 51
117 52
117 54
120 55
117 56
117 58
120 59
117 60
120 66
124 68
123 68
123 62
124 62
125 62
126 62
127 62
133 64
133 63
133 66
140 60
140 62
140 61
140 63
140 67
140 68
140 69
147 66
149 70
156 62
156 63
156 60
149 54
147 50
143 48
140 51
140 53
140 52
140 48
131 43
133 39
133 40
133 35
133 33
133 31
133 30
133 27
133 25
133 23
133 17
133 19
140 20
140 18
140 17
140 16
140 15
140 14
140 11
140 9
149 5
149 20
150 24
156 17
156 18
156 15
156 14
163 16
163 18
163 15
163 14
163 13
163 12
163 9
166 6
172 5
176 6
178 9
179 12
179 13
179 15
179 16
186 14
186 16
189 19
193 20
194 20
195 20
199 11
195 13
194 13
193 13
189 15
189 11
189 9
189 6
195 5
195 8
199 6
199 9
212 7
218 5
219 8
222 11
222 14
222 16
222 18
231 15
231 17
231 19
231 21
234 20
234 16
239 14
238 14
240 14
234 10
234 8
240 9
241 5
244 8
244 10
251 27
244 28
244 30
244 32
240 34
239 34
244 26
240 25
239 25
234 24
231 24
231 26
231 28
231 32
231 30
234 26
234 28
234 30
234 32
234 35
234 37
231 39
231 35
222 33
222 35
222 38
222 40
217 37
218 37
217 32
212 30
212 28
218 32
222 30
222 28
222 26
218 25
217 25
218 20
217 20
218 13
217 13
212 14
212 11
209 14
209 16
212 16
212 18
216 20
212 22
209 18
209 21
209 23
209 26
212 26
209 28
209 30
209 33
212 33
212 35
209 35
209 38
212 40
212 38
212 42
209 40
209 42
209 45
199 47
199 45
199 43
199 41
199 38
199 36
199 34
199 32
195 31
194 31
195 40
194 40
189 38
189 36
189 34
189 32
189 30
189 26
189 22
186 21
186 19
186 23
186 25
186 27
186 30
186 32
186 34
186 36
186 38
189 41
189 43
189 45
189 47
193 48
195 52
202 61
201 58
202 62
202 64
202 65
195 67
202 76
202 75
202 73
202 72
209 71
209 72
209 73
209 80
209 82
212 82
212 80
218 74
216 70
217 63
218 63
217 59
218 59
212 56
212 54
212 58
212 60
212 62
209 64
209 60
209 56
209 54
209 52
212 52
217 51
218 51
222 54
222 56
222 58
222 60
222 62
223 64
231 71
231 69
231 70
231 65
231 64
231 61
231 60
231 58
231 57
231 55
231 54
234 53
234 51
231 51
222 52
223 45
217 44
218 44
222 42
231 47
231 49
234 49
234 47
234 44
234 41
234 39
240 38
239 38
244 39
244 37
244 35
251 37
244 41
240 42
239 46
240 46
244 47
251 47
244 49
244 51
244 53
246 55
251 56
251 57
251 59
251 58
251 61
251 63
251 67
246 65
246 64
246 61
246 58
238 68
240 72
239 77
240 77
245 78
251 77
251 87
246 85
246 87
240 89
239 89
234 99
231 99
231 101
234 103
234 101
239 98
240 98
244 101
244 99
251 97
251 107
244 103
240 104
231 110
231 108
222 118
221 118
219 118
217 118
216 118
218 118
220 118
222 112
222 110
218 109
212 112
212 110
218 100
217 100
209 101
209 92
217 91
218 91
222 86
224 89
231 90
231 87
231 85
231 78
222 82
222 84
222 80
218 79
217 79
212 84
212 86
209 86
209 89
209 84
200 83
195 82
194 82
195 78
186 83
186 90
186 92
186 94
186 96
189 95
189 91
193 89
194 89
195 89
195 104
189 103
189 99
186 98
186 100
186 103
186 108
186 110
178 110
176 107
176 105
172 104
171 104
166 105
166 103
163 105
166 107
163 107
163 110
155 107
149 109
163 99
163 101
166 101
166 99
176 103
176 101
176 99
176 97
171 96
172 96
166 97
163 97
163 90
166 86
172 84
171 89
172 89
177 90
186 78
186 76
186 75
186 74
