948.0 1.4081484025723131e+17 0.0 131
51 47
25 28
71 16
41 23
34 26
18 44
34 29
34 15
18 45
0 13
34 41
33 26
28 16
33 29
74 12
18 15
74 20
2 0
41 36
71 45
57 12
74 6
28 28
35 31
18 33
77 21
25 22
18 29
11 10
80 41
25 15
0 39
38 16
5 13
71 47
107 27
80 5
32 31
9 10
10 10
28 47
34 31
18 13
5 19
34 38
74 35
15 13
5 37
84 29
18 37
84 38
41 32
74 39
38 34
56 25
25 23
41 35
80 10
5 43
34 5
84 6
38 30
18 17
61 45
84 20
25 26
33 31
12 10
84 24
35 17
15 8
15 37
5 31
74 24
12 5
18 21
18 31
15 43
57 44
28 43
78 10
28 34
81 17
18 41
71 13
18 19
64 22
78 35
41 34
8 0
78 39
28 40
0 26
25 24
79 33
0 27
5 25
79 10
61 47
5 8
40 22
28 30
15 19
84 34
32 26
15 31
63 6
15 25
38 20
25 9
71 11
25 29
28 20
18 39
48 22
79 37
25 11
48 27
18 25
78 32
74 16
18 23
51 45
33 15
18 27
57 25
18 35
18 42
48 6
74 29
18 11
51 47
