1794.0 12382.0 0.0 237
74 19
124 37
103 55
130 19
74 31
15 64
84 19
34 51
87 17
28 42
5 13
35 24
123 26
103 10
56 24
11 31
18 14
0 33
130 60
10 10
130 34
120 34
2 21
74 43
126 57
97 57
71 6
84 13
28 19
72 0
87 23
97 11
61 42
57 36
130 15
84 25
120 19
107 30
124 40
74 25
41 61
28 37
94 6
97 25
56 10
51 37
94 34
38 40
117 63
5 40
25 20
61 37
0 51
34 36
57 39
130 25
87 39
87 11
130 29
28 15
74 64
80 61
40 45
18 11
12 61
28 12
87 27
107 25
110 52
87 42
25 45
126 54
51 42
61 11
84 43
57 28
5 64
38 42
28 27
78 10
130 43
120 44
25 32
48 61
127 16
55 26
94 20
28 23
51 22
34 5
51 40
38 27
125 42
25 34
84 59
84 37
34 10
25 16
33 13
25 23
87 19
120 40
107 15
73 0
87 37
130 58
80 10
117 52
107 11
103 16
74 37
132 63
48 32
25 18
55 22
38 37
84 31
28 7
34 28
125 38
87 13
94 22
109 35
12 5
32 10
57 5
109 6
25 10
94 10
5 33
11 34
84 64
120 11
120 7
94 35
87 25
71 56
10 42
71 54
51 11
12 10
18 28
126 5
74 62
15 13
87 29
56 20
87 15
97 30
55 0
109 36
127 12
5 8
130 55
124 44
120 25
11 17
15 8
63 45
57 51
48 45
61 18
58 15
104 12
103 42
87 41
5 36
61 25
61 21
102 10
25 12
51 14
120 15
61 40
2 28
17 21
86 6
55 19
25 61
25 14
87 44
103 27
51 7
87 33
120 29
80 47
80 58
97 64
120 60
11 42
87 45
48 10
51 26
87 21
103 24
109 34
81 10
120 58
2 44
48 34
64 61
54 0
97 60
57 12
57 10
97 28
126 46
117 50
94 52
87 35
107 28
80 50
87 31
34 39
9 10
15 18
0 60
74 13
11 10
130 39
28 40
5 18
18 13
84 62
94 36
33 10
74 49
74 59
120 55
103 58
79 10
0 15
18 15
97 15
34 13
51 18
32 13
74 19
