4480.0 52653.0 0.0 662
48 64
108 0
107 21
125 38
58 42
28 8
172 74
61 85
63 63
78 45
48 36
178 11
179 41
189 70
2 9
155 44
195 48
178 54
26 63
166 80
84 6
199 94
143 48
0 77
86 14
227 71
74 36
25 62
126 55
195 97
28 23
109 24
117 59
163 36
140 19
104 8
107 40
48 51
120 83
61 47
94 13
193 88
94 47
103 5
120 39
192 77
17 68
80 8
71 70
48 63
80 96
199 90
17 65
61 0
140 16
102 39
153 82
189 49
35 5
143 40
195 12
178 28
71 102
196 63
79 37
25 49
25 74
48 46
186 22
103 71
102 91
132 62
101 89
126 33
163 38
74 84
87 46
48 54
94 64
56 46
48 60
103 36
64 58
74 41
71 69
130 41
79 72
193 91
107 14
132 28
16 25
97 45
155 61
5 101
3 62
0 39
163 11
94 69
179 24
51 81
58 82
149 23
186 6
140 11
84 84
2 48
163 64
120 93
2 33
79 88
0 20
130 88
74 94
63 39
195 31
117 38
155 68
94 45
55 42
163 28
140 25
64 44
57 79
103 39
163 59
18 48
10 79
109 69
176 32
156 18
78 87
94 46
10 24
127 65
57 22
176 21
71 100
48 70
120 20
97 38
84 73
120 37
102 13
140 63
79 45
103 95
94 62
41 77
227 43
189 40
153 21
199 85
164 57
78 90
170 91
78 42
199 70
117 29
120 35
130 37
120 32
155 28
125 55
94 41
25 48
81 45
72 0
186 29
63 103
48 77
5 36
163 65
9 94
117 62
74 44
110 57
140 23
163 24
40 76
2 82
11 15
153 77
94 58
74 48
32 93
97 42
2 77
102 34
11 35
63 72
17 77
97 11
186 101
163 63
103 13
51 24
94 16
34 27
2 64
48 55
176 15
163 72
11 24
2 32
61 45
94 36
186 28
140 52
79 34
107 0
57 25
124 89
107 83
178 63
163 31
194 31
176 45
155 23
61 95
9 101
155 29
140 47
80 34
17 75
97 78
81 37
71 64
172 27
48 90
86 59
140 68
143 75
199 42
117 55
171 93
120 24
199 76
0 64
140 29
132 58
25 75
79 92
0 45
150 5
130 56
140 58
56 42
78 34
163 50
109 47
130 8
2 47
28 103
107 35
2 11
38 18
40 74
57 42
84 89
163 60
130 92
189 37
163 19
185 0
48 40
2 16
102 87
117 99
97 17
179 18
189 62
117 63
195 56
143 8
86 69
51 31
153 80
63 77
28 14
38 8
172 97
227 52
201 51
216 0
103 15
103 43
17 59
48 103
2 39
120 68
17 47
199 49
2 31
189 91
125 87
71 68
109 50
80 5
140 53
130 32
48 50
61 49
199 37
176 85
2 59
117 33
126 40
130 68
163 55
34 93
120 89
56 48
64 64
2 69
15 100
140 43
117 58
77 76
61 109
125 91
109 53
117 51
140 62
63 75
71 42
18 42
2 56
126 15
201 46
84 75
71 60
140 85
166 7
156 62
57 9
163 23
64 43
94 54
74 11
48 72
84 11
5 97
3 41
71 36
156 101
166 85
117 28
176 38
163 41
187 0
132 13
143 77
189 33
140 57
57 48
156 24
120 41
166 95
51 95
0 58
109 62
38 103
10 99
178 17
107 11
71 55
125 31
120 8
101 43
130 39
80 72
120 78
193 31
2 68
80 20
48 35
178 34
35 100
94 49
195 39
63 51
71 34
143 33
63 35
178 48
123 75
143 36
132 59
84 79
172 10
227 15
117 101
140 49
201 28
78 37
172 40
201 6
117 44
80 49
163 40
84 9
163 48
102 41
38 14
41 47
25 59
163 21
130 74
17 32
61 98
48 92
143 82
194 89
163 16
17 56
101 86
95 56
163 101
101 15
178 72
63 70
10 95
117 31
189 58
176 94
155 85
163 70
179 35
64 19
94 43
126 36
94 63
78 94
2 49
71 38
9 97
10 15
107 42
71 45
74 73
48 42
74 90
163 42
101 36
103 34
156 56
140 14
80 37
94 18
2 65
87 70
189 55
25 60
155 70
87 47
2 43
63 60
102 36
140 70
57 86
17 54
189 95
193 95
132 44
149 76
188 0
186 103
38 23
132 11
195 36
110 63
199 80
87 39
71 53
77 37
2 25
103 41
10 35
63 54
71 30
48 39
17 44
186 32
172 44
166 45
31 15
120 17
94 39
130 83
94 38
178 40
227 57
149 91
48 59
51 45
97 83
51 49
11 79
189 66
102 43
87 40
87 30
17 33
126 38
117 35
199 40
140 28
126 18
163 33
149 34
102 15
155 17
2 60
125 36
25 77
107 92
57 94
94 59
57 46
189 80
71 44
84 93
166 91
110 31
127 5
80 45
126 95
140 21
74 9
2 54
155 11
84 48
227 45
178 70
186 51
210 0
2 75
140 44
57 97
2 44
163 14
97 21
147 46
120 74
97 14
120 56
17 38
51 100
49 57
163 25
97 89
202 22
41 64
97 40
107 88
189 42
97 35
71 63
186 0
149 46
171 89
149 31
153 8
86 63
71 14
155 58
124 86
80 42
107 78
51 85
40 48
172 23
186 48
48 19
103 20
2 70
74 79
140 24
133 51
148 46
51 98
186 45
143 80
94 31
51 47
79 42
25 76
189 85
94 50
18 63
15 36
61 100
94 24
71 59
94 34
170 95
186 46
97 93
28 18
101 93
11 5
126 31
195 53
178 23
130 78
74 6
166 76
153 15
163 51
149 79
179 64
176 80
172 5
15 96
117 13
2 38
90 0
71 73
48 75
18 69
51 27
100 75
163 103
155 52
178 60
194 48
196 67
227 29
94 53
186 34
169 77
150 72
189 76
109 59
163 54
149 10
176 90
199 66
2 35
48 48
140 101
179 58
74 75
94 101
117 57
153 75
117 36
178 51
124 93
155 43
140 61
125 33
141 55
117 11
97 7
94 99
194 93
170 88
209 0
41 58
124 33
48 65
48 64
