10 21 15
10 24 18
10 21 18
10 20 14
10 22 15
10 29 10
10 28 23
10 27 22
10 21 17
10 29 24
10 21 21
10 26 21
10 21 19
10 24 21
10 26 14
10 20 14
10 27 16
10 26 26
10 31 23
10 26 12
10 20 11
10 21 17
10 21 14
10 23 19
10 27 20
10 20 20
10 24 16
10 25 14
10 22 20
10 19 15
10 25 26
10 26 20
10 25 12
10 21 20
10 32 35
10 29 22
10 26 14
10 21 17
10 22 19
10 27 18
10 21 20
10 27 16
10 22 15
10 21 14
10 23 19
10 23 17
10 29 15
10 26 25
10 25 18
10 31 31
10 25 14
10 27 21
10 21 12
10 23 22
10 22 21
10 21 12
10 21 14
10 26 21
10 20 17
10 20 19
10 27 19
10 31 23
10 23 20
10 22 21
10 21 21
10 20 17
10 22 22
10 25 22
10 23 12
10 29 18
10 28 23
10 21 21
10 26 17
10 21 12
10 23 16
10 20 18
10 22 18
10 23 22
10 21 15
10 26 17
10 27 15
10 23 22
10 23 20
10 26 17
10 20 14
10 31 30
10 21 17
10 20 15
10 22 20
10 26 16
10 24 18
10 21 17
10 28 16
10 21 18
10 20 15
10 19 17
10 22 17
10 21 18
10 24 12
10 27 21
20 62 44
20 83 64
20 64 46
20 61 39
20 66 41
20 68 37
20 59 49
20 71 47
20 80 44
20 70 51
20 72 52
20 102 53
20 71 56
20 80 54
20 76 62
20 78 45
20 79 56
20 70 44
20 73 33
20 63 40
20 77 56
20 60 49
20 62 34
20 70 30
20 71 38
20 83 59
20 71 65
20 74 44
20 65 42
20 56 42
20 72 44
20 76 43
20 61 39
20 73 35
20 68 36
20 60 42
20 81 50
20 79 71
20 79 55
20 67 37
20 78 55
20 64 47
20 83 50
20 82 53
20 67 56
20 62 43
20 63 48
20 94 67
20 74 43
20 64 47
20 81 40
20 59 37
20 59 47
20 78 62
20 74 62
20 65 36
20 74 42
20 78 52
20 74 63
20 86 74
20 71 44
20 68 36
20 75 65
20 59 46
20 79 41
20 77 57
20 67 56
20 67 50
20 63 47
20 93 66
20 60 37
20 61 51
20 57 44
20 60 48
20 89 75
20 70 54
20 76 49
20 86 73
20 64 45
20 95 66
20 93 51
20 63 34
20 64 44
20 69 50
20 72 33
20 69 49
20 58 42
20 75 50
20 68 48
20 60 46
20 62 47
20 66 55
20 77 38
20 68 42
20 83 52
20 60 46
20 65 43
20 81 48
20 76 37
20 64 47
30 107 79
30 126 75
30 123 85
30 160 98
30 116 81
30 129 112
30 120 71
30 119 60
30 118 81
30 113 91
30 104 65
30 112 72
30 113 75
30 121 69
30 110 61
30 110 72
30 109 57
30 118 82
30 108 58
30 134 82
30 135 101
30 147 76
30 136 88
30 142 113
30 118 80
30 128 95
30 119 58
30 112 66
30 129 102
30 126 101
30 119 70
30 111 72
30 129 71
30 122 65
30 133 98
30 104 64
30 182 122
30 124 79
30 146 72
30 110 78
30 128 69
30 111 86
30 116 78
30 118 73
30 149 100
30 121 67
30 140 81
30 116 93
30 125 72
30 124 67
30 134 92
30 107 76
30 115 70
30 113 80
30 135 102
30 118 87
30 134 87
30 141 79
30 111 88
30 148 92
30 116 84
30 133 86
30 139 87
30 136 78
30 123 82
30 121 74
30 118 89
30 151 79
30 142 89
30 121 75
30 124 96
30 113 67
30 144 91
30 151 84
30 123 81
30 134 106
30 121 68
30 143 98
30 110 66
30 121 89
30 114 59
30 114 88
30 111 69
30 112 74
30 111 80
30 130 99
30 130 103
30 143 96
30 122 66
30 156 88
30 113 87
30 121 89
30 123 91
30 136 77
30 124 93
30 104 73
30 119 65
30 129 81
30 122 102
30 141 65
40 203 120
40 193 109
40 192 135
40 193 107
40 223 134
40 184 130
40 191 128
40 187 116
40 252 143
40 187 125
40 164 119
40 189 117
40 216 130
40 172 108
40 167 113
40 192 94
40 197 129
40 190 97
40 183 127
40 196 122
40 174 102
40 222 150
40 158 119
40 174 115
40 202 155
40 211 112
40 179 111
40 247 139
40 244 161
40 198 146
40 200 152
40 164 119
40 162 93
40 207 127
40 190 102
40 226 144
40 171 110
40 179 121
40 170 113
40 231 148
40 228 156
40 188 155
40 184 148
40 159 119
40 165 126
40 158 93
40 207 105
40 210 99
40 174 125
40 237 122
40 186 117
40 191 148
40 220 143
40 184 112
40 197 115
40 177 108
40 197 88
40 271 154
40 189 104
40 185 111
40 161 90
40 170 125
40 177 128
40 187 136
40 174 107
40 194 118
40 193 152
40 217 154
40 217 157
40 197 163
40 186 92
40 163 94
40 199 79
40 193 140
40 171 112
40 189 114
40 185 114
40 189 124
40 172 116
40 213 139
40 209 154
40 169 102
40 217 135
40 203 86
40 227 164
40 227 126
40 176 100
40 186 100
40 174 120
40 221 133
40 214 129
40 214 117
40 203 134
40 178 137
40 204 110
40 192 144
40 171 104
40 175 101
40 171 90
40 197 114
50 318 200
50 274 212
50 267 135
50 244 138
50 251 106
50 229 163
50 270 130
50 237 157
50 219 144
50 266 219
50 248 113
50 267 176
50 255 184
50 231 122
50 231 156
50 245 177
50 256 186
50 234 174
50 305 227
50 215 147
50 236 163
50 247 147
50 227 150
50 256 125
50 299 146
50 269 175
50 229 147
50 284 202
50 251 118
50 286 209
50 230 153
50 323 220
50 235 165
50 233 155
50 251 146
50 247 135
50 236 171
50 264 191
50 221 145
50 222 164
50 244 126
50 288 153
50 274 125
50 231 132
50 246 143
50 220 150
50 268 192
50 338 172
50 235 169
50 307 200
50 251 179
50 267 174
50 275 172
50 253 167
50 305 204
50 233 139
50 306 233
50 267 124
50 252 181
50 227 132
50 282 195
50 228 154
50 283 164
50 247 154
50 220 148
50 271 150
50 254 147
50 259 185
50 263 177
50 271 176
50 260 156
50 242 143
50 230 117
50 239 126
50 320 176
50 245 138
50 243 135
50 269 209
50 270 146
50 248 126
50 225 141
50 291 111
50 246 160
50 259 165
50 261 157
50 265 149
50 227 137
50 246 146
50 228 142
50 243 171
50 259 203
50 296 200
50 218 147
50 230 176
50 233 160
50 228 133
50 269 125
50 258 148
50 257 160
50 260 128
60 329 194
60 345 262
60 313 184
60 337 157
60 319 175
60 277 173
60 328 198
60 351 164
60 331 198
60 289 168
60 326 190
60 298 159
60 311 188
60 320 194
60 312 209
60 319 204
60 279 195
60 393 256
60 309 180
60 307 194
60 321 186
60 336 228
60 306 203
60 319 184
60 283 179
60 352 258
60 365 161
60 321 214
60 356 223
60 297 191
60 351 261
60 281 185
60 350 186
60 385 255
60 328 216
60 362 258
60 343 183
60 317 216
60 344 238
60 342 232
60 291 162
60 363 250
60 335 185
60 334 165
60 323 138
60 382 256
60 350 160
60 360 177
60 318 171
60 326 207
60 311 164
60 316 210
60 377 188
60 332 197
60 325 191
60 307 183
60 343 244
60 285 184
60 320 210
60 386 248
60 375 205
60 302 162
60 278 167
60 301 170
60 313 163
60 287 173
60 301 219
60 308 240
60 318 172
60 358 274
60 298 211
60 359 194
60 294 202
60 331 222
60 340 189
60 385 205
60 347 242
60 398 331
60 310 159
60 304 197
60 291 195
60 303 214
60 351 143
60 346 188
60 340 189
60 416 139
60 299 193
60 390 274
60 314 219
60 278 176
60 283 196
60 364 229
60 313 201
60 316 209
60 332 228
60 326 226
60 300 226
60 306 221
60 355 238
60 349 213
70 355 224
70 367 232
70 357 242
70 438 287
70 368 207
70 390 219
70 386 215
70 394 247
70 345 209
70 354 223
70 338 225
70 486 241
70 387 238
70 356 244
70 463 280
70 450 245
70 441 268
70 452 263
70 356 214
70 438 269
70 393 218
70 371 229
70 381 226
70 518 270
70 403 269
70 370 171
70 440 191
70 428 278
70 424 291
70 381 230
70 378 261
70 386 230
70 462 233
70 495 264
70 375 216
70 427 291
70 413 289
70 489 371
70 380 241
70 383 239
70 379 218
70 423 335
70 407 197
70 449 323
70 391 238
70 362 201
70 498 287
70 420 232
70 399 241
70 445 300
70 401 235
70 415 227
70 385 224
70 390 265
70 448 242
70 411 198
70 431 256
70 442 283
70 406 253
70 453 286
70 453 215
70 373 235
70 388 190
70 411 229
70 375 193
70 416 256
70 461 304
70 357 224
70 337 220
70 384 265
70 365 202
70 365 231
70 469 292
70 441 282
70 407 297
70 379 273
70 363 229
70 357 212
70 353 222
70 517 288
70 418 247
70 397 265
70 352 183
70 380 236
70 401 248
70 400 249
70 496 330
70 359 222
70 480 215
70 457 272
70 435 334
70 456 294
70 364 242
70 380 236
70 474 321
70 419 180
70 374 226
70 365 266
70 374 281
70 398 275
80 508 328
80 480 260
80 627 343
80 480 361
80 487 291
80 417 226
80 484 256
80 484 358
80 507 313
80 461 306
80 504 348
80 493 352
80 461 324
80 401 238
80 464 285
80 474 344
80 525 328
80 480 226
80 455 292
80 563 286
80 508 274
80 436 290
80 468 303
80 529 379
80 536 306
80 452 295
80 415 246
80 531 258
80 409 272
80 432 263
80 464 328
80 552 326
80 511 312
80 530 402
80 526 353
80 417 247
80 516 353
80 482 301
80 469 233
80 510 318
80 456 245
80 576 316
80 457 234
80 434 284
80 464 314
80 584 235
80 524 279
80 502 362
80 507 230
80 610 302
80 473 352
80 528 334
80 507 292
80 484 238
80 541 241
80 450 296
80 470 309
80 464 299
80 502 240
80 437 286
80 535 325
80 508 347
80 564 305
80 603 399
80 549 409
80 573 265
80 407 259
80 574 246
80 451 256
80 459 308
80 461 281
80 458 231
80 420 245
80 546 353
80 580 313
80 510 287
80 436 236
80 453 280
80 504 256
80 556 328
80 462 262
80 452 299
80 435 331
80 538 256
80 449 310
80 411 283
80 435 266
80 463 265
80 495 290
80 502 314
80 483 322
80 470 258
80 435 311
80 455 278
80 548 372
80 435 231
80 454 294
80 445 296
80 488 292
80 517 256
90 520 285
90 586 380
90 503 343
90 502 279
90 578 352
90 541 361
90 584 333
90 624 358
90 553 348
90 599 355
90 614 423
90 536 359
90 542 384
90 558 283
90 543 372
90 548 270
90 537 301
90 710 534
90 525 316
90 495 368
90 587 332
90 579 357
90 588 400
90 633 336
90 492 357
90 583 268
90 569 368
90 782 471
90 567 320
90 536 343
90 558 335
90 544 296
90 543 251
90 547 372
90 531 290
90 470 313
90 536 282
90 558 327
90 619 301
90 523 332
90 568 298
90 550 361
90 562 362
90 553 295
90 506 318
90 572 358
90 590 323
90 565 347
90 607 367
90 638 437
90 609 339
90 583 349
90 577 322
90 597 292
90 588 385
90 658 432
90 524 344
90 519 324
90 525 328
90 640 483
90 560 302
90 603 359
90 639 405
90 499 350
90 619 428
90 645 436
90 528 415
90 538 322
90 525 357
90 575 376
90 557 295
90 609 348
90 628 320
90 547 283
90 577 362
90 504 277
90 609 384
90 534 306
90 551 370
90 570 328
90 644 464
90 722 530
90 555 389
90 542 302
90 632 408
90 522 356
90 590 300
90 508 338
90 531 326
90 551 376
90 599 375
90 523 308
90 592 443
90 653 387
90 507 276
90 608 355
90 571 309
90 548 285
90 539 316
90 574 361
100 587 374
100 683 311
100 586 394
100 659 406
100 582 370
100 655 498
100 805 395
100 774 431
100 601 306
100 638 306
100 807 400
100 601 386
100 618 389
100 712 356
100 678 398
100 644 385
100 655 377
100 684 473
100 565 378
100 642 378
100 621 370
100 593 403
100 724 330
100 624 443
100 625 364
100 668 454
100 720 445
100 628 340
100 679 344
100 672 460
100 628 415
100 704 407
100 657 363
100 592 308
100 578 342
100 622 375
100 596 367
100 616 403
100 712 325
100 746 486
100 643 390
100 613 373
100 589 345
100 577 363
100 689 479
100 634 430
100 642 336
100 593 420
100 664 337
100 688 449
100 647 325
100 558 370
100 685 461
100 612 322
100 625 398
100 673 395
100 598 393
100 640 396
100 638 468
100 650 394
100 661 377
100 612 339
100 653 391
100 608 376
100 599 405
100 614 363
100 647 338
100 576 334
100 825 421
100 656 403
100 619 332
100 567 389
100 661 371
100 616 375
100 726 339
100 641 459
100 688 496
100 598 327
100 781 506
100 664 427
100 593 360
100 665 322
100 671 451
100 603 390
100 611 397
100 693 406
100 634 352
100 630 321
100 780 413
100 765 413
100 619 386
100 642 380
100 783 513
100 635 425
100 657 413
100 622 337
100 583 284
100 568 320
100 659 325
100 582 409
110 728 447
110 842 447
110 708 413
110 704 438
110 743 489
110 657 440
110 684 410
110 751 416
110 668 454
110 678 377
110 760 518
110 697 485
110 769 449
110 686 448
110 766 434
110 731 477
110 673 400
110 697 411
110 824 498
110 626 397
110 704 461
110 692 398
110 668 439
110 811 459
110 825 465
110 794 366
110 665 467
110 704 489
110 724 498
110 792 515
110 765 390
110 878 478
110 710 461
110 732 437
110 668 380
110 740 439
110 677 455
110 659 379
110 740 433
110 782 355
110 705 453
110 688 349
110 648 399
110 758 384
110 764 372
110 717 408
110 660 404
110 892 399
110 682 354
110 682 389
110 621 394
110 753 524
110 646 357
110 695 434
110 843 403
110 750 453
110 808 394
110 686 397
110 788 354
110 658 373
110 700 379
110 738 413
110 711 415
110 739 509
110 748 466
110 693 444
110 705 361
110 729 447
110 773 405
110 761 434
110 663 396
110 690 450
110 857 445
110 681 398
110 816 475
110 625 391
110 674 403
110 641 381
110 742 387
110 774 571
110 751 444
110 708 489
110 703 343
110 738 412
110 762 391
110 901 482
110 679 410
110 734 390
110 660 378
110 773 438
110 636 400
110 823 522
110 779 471
110 769 428
110 683 341
110 754 508
110 628 421
110 658 386
110 742 459
110 1006 472
120 776 476
120 783 494
120 827 431
120 792 505
120 735 479
120 899 428
120 767 490
120 903 502
120 812 441
120 762 465
120 995 624
120 762 447
120 864 497
120 842 512
120 847 438
120 772 487
120 758 507
120 809 450
120 792 537
120 787 555
120 859 508
120 680 429
120 821 397
120 730 448
120 728 443
120 857 337
120 936 616
120 731 457
120 797 427
120 783 541
120 851 590
120 957 519
120 843 466
120 773 520
120 769 471
120 793 516
120 912 594
120 772 498
120 734 405
120 742 383
120 700 396
120 768 427
120 816 479
120 780 508
120 774 484
120 733 416
120 710 485
120 864 521
120 807 559
120 754 464
120 843 644
120 806 456
120 806 552
120 807 486
120 907 526
120 801 435
120 856 514
120 973 435
120 829 445
120 778 377
120 713 407
120 911 514
120 796 462
120 746 518
120 866 481
120 907 498
120 780 436
120 752 406
120 904 583
120 826 494
120 959 332
120 822 493
120 911 653
120 826 578
120 737 431
120 835 494
120 877 543
120 747 465
120 772 465
120 706 436
120 820 524
120 710 455
120 822 605
120 770 503
120 776 480
120 796 513
120 1070 615
120 943 519
120 779 457
120 1094 693
120 744 443
120 774 526
120 879 478
120 811 526
120 766 477
120 903 403
120 833 450
120 910 640
120 929 503
120 907 581
130 872 531
130 993 714
130 893 481
130 775 435
130 868 392
130 890 609
130 804 458
130 850 442
130 1008 641
130 985 566
130 1004 703
130 962 703
130 847 515
130 938 582
130 854 508
130 957 555
130 792 451
130 984 625
130 794 496
130 805 449
130 913 564
130 987 548
130 869 553
130 970 520
130 933 544
130 875 574
130 861 475
130 951 684
130 1072 620
130 997 579
130 976 672
130 953 563
130 860 524
130 887 609
130 1014 500
130 1071 718
130 935 662
130 1162 844
130 930 524
130 954 550
130 957 506
130 979 591
130 825 548
130 981 560
130 1073 500
130 876 500
130 926 604
130 818 472
130 948 535
130 852 517
130 833 495
130 915 566
130 965 673
130 853 534
130 765 474
130 883 564
130 918 539
130 1014 567
130 999 631
130 948 509
130 996 597
130 928 506
130 914 581
130 889 617
130 916 583
130 803 546
130 906 512
130 912 427
130 1008 568
130 961 563
130 881 449
130 968 584
130 934 591
130 853 527
130 822 501
130 891 482
130 931 614
130 1228 728
130 869 528
130 984 451
130 869 464
130 929 657
130 848 535
130 906 552
130 1018 519
130 977 532
130 869 477
130 858 560
130 976 630
130 1081 617
130 855 496
130 869 567
130 801 471
130 842 424
130 908 615
130 827 560
130 967 483
130 913 529
130 996 593
130 924 530
140 926 546
140 1040 611
140 981 554
140 895 619
140 1120 577
140 981 463
140 941 526
140 1056 546
140 1194 520
140 918 608
140 986 563
140 908 543
140 995 750
140 924 585
140 1030 772
140 944 587
140 977 513
140 1101 721
140 1159 629
140 1055 594
140 1041 696
140 974 593
140 943 555
140 1031 560
140 1142 681
140 1046 685
140 939 489
140 896 605
140 1143 580
140 975 545
140 907 557
140 981 476
140 916 588
140 1043 598
140 996 583
140 954 571
140 967 551
140 1142 659
140 1107 664
140 917 524
140 1055 596
140 993 710
140 1037 569
140 889 526
140 990 630
140 887 605
140 884 525
140 926 626
140 992 563
140 1123 602
140 1042 676
140 891 526
140 916 627
140 984 594
140 943 583
140 951 533
140 1082 603
140 1023 616
140 956 542
140 973 456
140 1015 619
140 976 568
140 1048 536
140 925 622
140 1045 649
140 1101 574
140 888 578
140 975 505
140 1027 458
140 928 609
140 927 566
140 973 509
140 1133 539
140 973 494
140 1064 640
140 998 626
140 1099 700
140 947 627
140 1036 608
140 900 470
140 1039 513
140 966 654
140 993 557
140 907 500
140 979 570
140 1056 525
140 985 622
140 943 497
140 1061 544
140 1013 656
140 933 500
140 943 539
140 954 695
140 1029 558
140 1012 787
140 1139 558
140 1019 584
140 1003 587
140 965 532
140 1080 597
150 1064 632
150 951 575
150 967 657
150 1098 535
150 1032 645
150 950 585
150 1010 588
150 947 536
150 1072 725
150 1111 699
150 1134 550
150 1037 553
150 1161 565
150 1063 593
150 1203 609
150 1049 673
150 1204 664
150 1149 649
150 1173 725
150 1116 770
150 921 555
150 1210 779
150 1129 657
150 1048 741
150 1253 976
150 1028 600
150 1013 572
150 1086 634
150 1130 641
150 1116 634
150 1034 498
150 996 528
150 1300 778
150 1119 705
150 1242 739
150 1324 912
150 1033 576
150 1084 684
150 1217 687
150 1071 772
150 1206 754
150 951 516
150 1007 666
150 1160 705
150 1061 711
150 1116 806
150 986 543
150 1116 689
150 1051 655
150 954 585
150 1116 692
150 1192 723
150 1002 543
150 1023 632
150 1207 510
150 1059 619
150 1042 521
150 1022 604
150 1032 698
150 1236 600
150 1113 679
150 1041 552
150 1096 764
150 1030 619
150 997 522
150 1141 523
150 973 612
150 1010 559
150 1106 688
150 1105 799
150 1120 623
150 1069 645
150 969 560
150 1065 659
150 1036 651
150 1290 755
150 1440 946
150 1089 515
150 1121 647
150 1189 539
150 1205 657
150 1076 474
150 942 563
150 1285 850
150 1038 621
150 1040 623
150 1066 711
150 1103 581
150 1105 559
150 1100 621
150 992 554
150 1311 706
150 1166 641
150 1022 507
150 1047 694
150 1085 611
150 1014 615
150 1025 468
150 1082 639
150 1117 545
160 1052 712
160 1272 706
160 1395 793
160 1050 661
160 1290 619
160 1199 853
160 1422 901
160 1130 746
160 1186 559
160 1060 601
160 1278 606
160 1164 631
160 1218 579
160 1231 792
160 1052 675
160 1198 832
160 1167 718
160 1249 810
160 1159 820
160 1164 694
160 1176 731
160 1073 655
160 1108 695
160 1106 693
160 1119 696
160 1255 750
160 1404 941
160 1157 510
160 1258 772
160 1170 733
160 1093 597
160 1061 659
160 1322 798
160 1205 750
160 1157 730
160 1085 678
160 1101 695
160 1304 709
160 1254 572
160 1229 691
160 1103 619
160 1193 774
160 1090 684
160 1678 910
160 1133 787
160 1229 617
160 1119 695
160 1223 597
160 1121 638
160 1220 834
160 1304 833
160 1218 744
160 1120 715
160 1128 680
160 1168 839
160 1157 674
160 1198 797
160 1200 769
160 1138 626
160 1279 730
160 1208 794
160 1262 791
160 1077 560
160 1115 647
160 1099 736
160 1134 725
160 1257 554
160 1045 529
160 1134 636
160 1168 507
160 1179 753
160 1057 582
160 1351 725
160 1189 849
160 1191 692
160 1192 661
160 1140 689
160 998 625
160 1174 664
160 1042 690
160 1079 633
160 1255 729
160 1461 953
160 1063 638
160 1130 829
160 1273 675
160 1392 760
160 1101 671
160 1272 818
160 1439 810
160 1382 649
160 1226 640
160 1103 607
160 1240 657
160 1118 716
160 1222 742
160 1178 624
160 1085 691
160 1106 647
160 1187 754
170 1335 785
170 1281 711
170 1310 766
170 1131 748
170 1196 729
170 1182 794
170 1239 693
170 1255 695
170 1337 721
170 1190 759
170 1340 732
170 1247 773
170 1305 799
170 1483 789
170 1207 689
170 1246 726
170 1295 669
170 1323 666
170 1134 721
170 1255 703
170 1252 723
170 1407 778
170 1179 739
170 1233 754
170 1341 856
170 1182 694
170 1220 841
170 1323 800
170 1279 728
170 1244 680
170 1162 710
170 1270 631
170 1267 812
170 1155 651
170 1260 715
170 1156 706
170 1349 655
170 1239 686
170 1192 600
170 1333 941
170 1222 862
170 1130 665
170 1266 779
170 1417 770
170 1465 874
170 1131 693
170 1295 693
170 1208 665
170 1205 655
170 1144 593
170 1340 842
170 1336 879
170 1188 698
170 1212 751
170 1228 740
170 1302 806
170 1310 619
170 1243 643
170 1318 801
170 1231 839
170 1193 747
170 1135 663
170 1284 725
170 1221 748
170 1359 876
170 1344 776
170 1164 674
170 1511 810
170 1143 606
170 1306 784
170 1462 1081
170 1220 832
170 1247 745
170 1241 731
170 1593 879
170 1426 971
170 1217 746
170 1341 936
170 1277 668
170 1272 689
170 1328 746
170 1174 679
170 1219 692
170 1557 930
170 1342 803
170 1144 618
170 1171 602
170 1282 773
170 1237 671
170 1404 770
170 1232 727
170 1146 699
170 1331 693
170 1252 811
170 1186 642
170 1201 596
170 1208 684
170 1253 763
170 1323 911
170 1248 853
180 1613 985
180 1305 724
180 1252 816
180 1268 659
180 1401 832
180 1330 759
180 1380 877
180 1209 635
180 1275 847
180 1189 711
180 1499 981
180 1418 775
180 1242 731
180 1431 835
180 1389 634
180 1230 764
180 1399 817
180 1421 982
180 1378 769
180 1309 937
180 1290 720
180 1434 858
180 1342 712
180 1254 858
180 1273 658
180 1342 868
180 1270 822
180 1411 860
180 1309 652
180 1490 822
180 1242 729
180 1307 838
180 1459 683
180 1337 715
180 1609 628
180 1341 876
180 1361 926
180 1281 738
180 1344 669
180 1558 1034
180 1283 697
180 1240 748
180 1538 779
180 1302 744
180 1520 830
180 1373 884
180 1313 797
180 1513 952
180 1320 851
180 1311 819
180 1327 741
180 1403 738
180 1262 693
180 1776 1054
180 1410 635
180 1306 895
180 1262 843
180 1691 828
180 1310 880
180 1428 911
180 1264 732
180 1557 1093
180 1551 746
180 1331 827
180 1281 810
180 1331 735
180 1330 758
180 1316 717
180 1432 730
180 1288 831
180 1505 632
180 1348 837
180 1285 769
180 1530 862
180 1239 683
180 1261 735
180 1306 699
180 1363 643
180 1403 724
180 1181 764
180 1339 825
180 1614 1064
180 1440 767
180 1253 792
180 1360 793
180 1325 845
180 1546 858
180 1377 666
180 1275 801
180 1384 786
180 1286 803
180 1438 1005
180 1391 754
180 1407 1027
180 1474 1072
180 1455 943
180 1246 630
180 1557 963
180 1299 768
180 1283 720
190 1352 742
190 1317 786
190 1380 846
190 1439 661
190 1451 760
190 1392 741
190 1418 960
190 1380 779
190 1520 1006
190 1433 919
190 1415 698
190 1597 851
190 1352 700
190 1594 947
190 1401 950
190 1399 799
190 1352 745
190 1480 830
190 1492 975
190 1619 717
190 1327 733
190 1599 927
190 1547 913
190 1592 765
190 1521 890
190 1430 855
190 1500 777
190 1464 860
190 1445 975
190 1340 843
190 1588 855
190 1650 1019
190 1715 741
190 1444 836
190 1455 772
190 1557 796
190 1418 996
190 1368 836
190 1640 765
190 1373 736
190 1284 761
190 1590 805
190 1374 890
190 1528 949
190 1519 957
190 1491 1018
190 1308 765
190 1395 856
190 1350 744
190 1394 710
190 1496 867
190 1652 808
190 1332 717
190 1864 982
190 1564 928
190 1739 700
190 1313 765
190 1397 756
190 1378 850
190 1313 727
190 1482 797
190 1337 711
190 1498 758
190 1645 910
190 1651 1030
190 1688 1049
190 1293 739
190 1402 978
190 1633 1104
190 1540 728
190 1546 805
190 1463 859
190 1487 957
190 1371 947
190 1505 954
190 1310 889
190 1642 820
190 1456 1026
190 1421 914
190 1464 768
190 1593 911
190 1488 853
190 1511 849
190 1347 851
190 1577 901
190 1368 845
190 1290 770
190 1511 1031
190 1532 814
190 1333 892
190 1589 974
190 1479 799
190 1390 857
190 1536 943
190 1363 783
190 1321 727
190 1373 719
190 1567 996
190 1393 829
190 1945 1179
200 1697 1026
200 1581 743
200 1457 862
200 1647 1217
200 1639 912
200 1650 1062
200 1476 891
200 1394 797
200 1527 923
200 1806 1228
200 1530 789
200 1659 1167
200 1556 839
200 1514 986
200 1831 1124
200 1571 897
200 1525 895
200 1690 830
200 1554 1039
200 1593 798
200 1448 787
200 1605 691
200 1648 967
200 1625 808
200 1534 764
200 1637 1028
200 1491 878
200 1641 953
200 1451 793
200 1616 843
200 1441 825
200 1414 763
200 1407 925
200 1592 819
200 1510 819
200 1652 1106
200 1462 896
200 1614 898
200 1502 966
200 1425 815
200 1448 931
200 1890 1106
200 1577 962
200 1625 782
200 1701 888
200 1428 716
200 1510 1014
200 1540 933
200 1680 894
200 1526 959
200 1616 934
200 1820 810
200 1652 907
200 1428 872
200 1637 718
200 1785 773
200 1436 849
200 1549 811
200 1484 774
200 1412 818
200 1637 989
200 1515 847
200 1575 967
200 1583 781
200 1551 1022
200 1677 1025
200 1507 833
200 1492 787
200 1773 963
200 1530 862
200 1422 1005
200 1420 814
200 1607 827
200 1615 890
200 1494 802
200 1596 820
200 1633 940
200 1371 820
200 1504 916
200 1456 853
200 1764 1040
200 1588 946
200 1398 785
200 1473 854
200 1632 848
200 1688 1162
200 1700 1141
200 1560 912
200 1489 732
200 1768 1144
200 1537 878
200 1655 894
200 1677 1038
200 1540 933
200 1402 855
200 1583 791
200 1423 721
200 1498 846
200 1419 959
200 1393 945
