1000 8724 4270
1000 8686 4311
1000 8743 4325
1000 8732 4318
1000 8692 4312
1000 8687 4318
1000 8703 4335
1000 8725 4307
1000 8711 4320
1000 8726 4333
1000 8686 4294
1000 8738 4323
1000 8693 4322
1000 8705 4367
1000 8699 4304
1000 8729 4296
1000 8689 4302
1000 8710 4326
1000 8720 4315
1000 8720 4259
1000 8737 4356
1000 8680 4319
1000 8703 4300
1000 8698 4307
1000 8721 4332
1000 8695 4323
1000 8713 4310
1000 8701 4335
1000 8713 4332
1000 8704 4317
1000 8713 4319
1000 8729 4317
1000 8724 4304
1000 8734 4322
1000 8709 4315
1000 8675 4274
1000 8701 4337
1000 8709 4332
1000 8711 4357
1000 8699 4301
1000 8694 4311
1000 8719 4377
1000 8706 4316
1000 8723 4319
1000 8738 4332
1000 8694 4307
1000 8683 4322
1000 8700 4276
1000 8719 4290
1000 8712 4299
1000 8701 4295
1000 8693 4295
1000 8716 4313
1000 8728 4288
1000 8700 4324
1000 8707 4333
1000 8699 4325
1000 8709 4301
1000 8713 4311
1000 8706 4356
1000 8718 4307
1000 8700 4297
1000 8677 4315
1000 8704 4302
1000 8744 4308
1000 8730 4350
1000 8708 4336
1000 8725 4348
1000 8729 4335
1000 8717 4343
1000 8710 4271
1000 8712 4305
1000 8720 4320
1000 8702 4280
1000 8679 4316
1000 8723 4300
1000 8675 4255
1000 8700 4387
1000 8695 4326
1000 8700 4310
1000 8703 4316
1000 8707 4321
1000 8726 4308
1000 8716 4362
1000 8739 4356
1000 8697 4296
1000 8726 4317
1000 8680 4329
1000 8717 4323
1000 8672 4278
1000 8714 4323
1000 8720 4299
1000 8729 4327
1000 8705 4307
1000 8740 4322
1000 8709 4270
1000 8675 4341
1000 8695 4327
1000 8696 4344
1000 8704 4341
2000 19437 9659
2000 19389 9584
2000 19400 9628
2000 19382 9623
2000 19409 9638
2000 19389 9609
2000 19386 9614
2000 19434 9659
2000 19459 9664
2000 19409 9679
2000 19395 9657
2000 19387 9622
2000 19433 9685
2000 19390 9635
2000 19356 9612
2000 19394 9610
2000 19459 9607
2000 19465 9631
2000 19383 9578
2000 19385 9609
2000 19392 9562
2000 19436 9646
2000 19426 9656
2000 19420 9627
2000 19407 9612
2000 19372 9634
2000 19401 9637
2000 19408 9614
2000 19414 9639
2000 19408 9613
2000 19396 9652
2000 19397 9603
2000 19394 9646
2000 19427 9618
2000 19428 9636
2000 19387 9654
2000 19370 9611
2000 19454 9597
2000 19428 9623
2000 19420 9633
2000 19392 9635
2000 19398 9638
2000 19367 9594
2000 19436 9666
2000 19396 9634
2000 19430 9649
2000 19401 9583
2000 19412 9616
2000 19444 9657
2000 19457 9669
2000 19393 9637
2000 19420 9564
2000 19418 9573
2000 19431 9677
2000 19446 9674
2000 19399 9589
2000 19430 9652
2000 19395 9580
2000 19385 9648
2000 19394 9628
2000 19420 9677
2000 19411 9609
2000 19384 9567
2000 19373 9622
2000 19438 9660
2000 19406 9615
2000 19411 9605
2000 19432 9592
2000 19375 9619
2000 19421 9655
2000 19432 9625
2000 19417 9653
2000 19386 9646
2000 19418 9652
2000 19434 9705
2000 19421 9607
2000 19403 9611
2000 19438 9649
2000 19418 9619
2000 19434 9566
2000 19396 9603
2000 19433 9647
2000 19393 9581
2000 19382 9676
2000 19459 9625
2000 19393 9678
2000 19401 9585
2000 19355 9561
2000 19407 9596
2000 19387 9635
2000 19397 9577
2000 19420 9640
2000 19425 9654
2000 19419 9654
2000 19411 9690
2000 19369 9593
2000 19412 9648
2000 19455 9668
2000 19384 9622
2000 19361 9620
3000 30912 15227
3000 30899 15120
3000 30920 15104
3000 30898 15219
3000 30963 15208
3000 30954 15159
3000 30909 15193
3000 30901 15246
3000 30874 15129
3000 30909 15160
3000 30875 15231
3000 30939 15152
3000 30896 15240
3000 30959 15205
3000 30934 15242
3000 30948 15240
3000 30927 15206
3000 30927 15199
3000 30897 15174
3000 30909 15143
3000 30928 15241
3000 30874 15123
3000 30943 15185
3000 30912 15182
3000 30962 15214
3000 30905 15229
3000 30920 15164
3000 30870 15248
3000 30982 15254
3000 30911 15175
3000 30915 15181
3000 30869 15224
3000 30880 15226
3000 30868 15165
3000 30910 15171
3000 30888 15171
3000 30934 15189
3000 30965 15185
3000 30943 15259
3000 30922 15139
3000 30922 15167
3000 30971 15253
3000 30911 15185
3000 30915 15206
3000 30866 15162
3000 30924 15221
3000 30863 15130
3000 30897 15211
3000 30874 15154
3000 30947 15210
3000 30849 15122
3000 30880 15173
3000 30932 15174
3000 30902 15230
3000 30868 15144
3000 30937 15273
3000 30871 15180
3000 30896 15124
3000 30919 15185
3000 30957 15241
3000 30914 15224
3000 30932 15219
3000 30887 15195
3000 30913 15149
3000 30881 15218
3000 30909 15163
3000 30933 15240
3000 30954 15151
3000 30958 15153
3000 30926 15156
3000 30900 15177
3000 30927 15183
3000 30941 15242
3000 30937 15239
3000 30877 15179
3000 30941 15179
3000 30890 15216
3000 30955 15257
3000 30991 15110
3000 30885 15205
3000 30951 15214
3000 30927 15139
3000 30952 15110
3000 30949 15167
3000 30929 15276
3000 30907 15153
3000 30935 15257
3000 30904 15241
3000 30943 15147
3000 30913 15191
3000 30892 15168
3000 30964 15259
3000 30949 15195
3000 30962 15188
3000 30883 15253
3000 30972 15229
3000 30892 15195
3000 30949 15150
3000 30923 15157
3000 30933 15200
4000 42844 21181
4000 42726 21222
4000 42851 21239
4000 42846 21312
4000 42859 21286
4000 42863 21248
4000 42846 21218
4000 42844 21228
4000 42846 21300
4000 42835 21350
4000 42831 21164
4000 42738 21178
4000 42777 21218
4000 42846 21218
4000 42850 21196
4000 42774 21277
4000 42777 21255
4000 42786 21248
4000 42842 21333
4000 42834 21211
4000 42893 21265
4000 42805 21181
4000 42766 21300
4000 42792 21314
4000 42807 21266
4000 42807 21180
4000 42878 21268
4000 42870 21281
4000 42907 21341
4000 42833 21262
4000 42857 21161
4000 42827 21281
4000 42834 21308
4000 42851 21274
4000 42774 21261
4000 42817 21210
4000 42815 21223
4000 42815 21218
4000 42861 21290
4000 42806 21271
4000 42847 21263
4000 42805 21228
4000 42805 21290
4000 42773 21285
4000 42766 21176
4000 42859 21393
4000 42888 21236
4000 42777 21176
4000 42806 21308
4000 42855 21306
4000 42823 21279
4000 42824 21327
4000 42790 21270
4000 42802 21117
4000 42823 21288
4000 42803 21365
4000 42884 21236
4000 42801 21207
4000 42864 21285
4000 42907 21353
4000 42761 21174
4000 42866 21303
4000 42818 21245
4000 42857 21315
4000 42815 21231
4000 42858 21240
4000 42802 21237
4000 42823 21229
4000 42859 21318
4000 42836 21270
4000 42817 21242
4000 42791 21305
4000 42802 21238
4000 42789 21246
4000 42844 21239
4000 42843 21213
4000 42818 21260
4000 42827 21293
4000 42780 21187
4000 42885 21314
4000 42822 21256
4000 42804 21262
4000 42891 21323
4000 42832 21260
4000 42841 21299
4000 42867 21321
4000 42789 21223
4000 42779 21291
4000 42794 21221
4000 42872 21284
4000 42785 21317
4000 42814 21236
4000 42752 21169
4000 42825 21265
4000 42856 21292
4000 42862 21268
4000 42836 21238
4000 42786 21253
4000 42825 21242
4000 42860 21247
5000 55209 27017
5000 55164 27088
5000 55182 27153
5000 55232 27178
5000 55176 27071
5000 55145 27081
5000 55240 27099
5000 55215 27144
5000 55174 27004
5000 55226 27127
5000 55209 27140
5000 55215 27065
5000 55280 27094
5000 55181 27108
5000 55224 27104
5000 55227 27058
5000 55209 27107
5000 55182 27070
5000 55158 27153
5000 55262 27131
5000 55302 27222
5000 55319 27144
5000 55191 27067
5000 55272 27104
5000 55234 27093
5000 55237 27120
5000 55224 27077
5000 55199 27093
5000 55270 27089
5000 55265 27153
5000 55257 27102
5000 55270 27150
5000 55196 27101
5000 55307 27173
5000 55248 27086
5000 55179 27063
5000 55263 27112
5000 55152 27085
5000 55242 27041
5000 55371 27102
5000 55204 27098
5000 55174 27220
5000 55192 27110
5000 55208 27140
5000 55225 27104
5000 55182 27082
5000 55216 27043
5000 55167 27029
5000 55227 27025
5000 55246 27108
5000 55210 27079
5000 55184 27034
5000 55272 27099
5000 55224 27062
5000 55213 27019
5000 55180 27115
5000 55242 27075
5000 55254 27100
5000 55221 27084
5000 55208 27076
5000 55212 27086
5000 55221 27047
5000 55257 27105
5000 55161 27025
5000 55239 27164
5000 55276 27041
5000 55260 27003
5000 55225 27068
5000 55242 27007
5000 55260 27064
5000 55197 27101
5000 55212 27053
5000 55250 27089
5000 55212 27041
5000 55285 27073
5000 55167 27044
5000 55223 27115
5000 55184 27072
5000 55258 27020
5000 55287 27060
5000 55232 27094
5000 55200 27032
5000 55168 26997
5000 55167 27138
5000 55212 27130
5000 55210 27099
5000 55255 27032
5000 55214 27114
5000 55162 27039
5000 55239 26975
5000 55256 27147
5000 55201 27049
5000 55120 27044
5000 55221 27157
5000 55240 27061
5000 55216 26993
5000 55225 27068
5000 55202 27086
5000 55202 27015
5000 55285 27027
6000 67854 33415
6000 67845 33408
6000 67809 33385
6000 67768 33361
6000 67906 33412
6000 67851 33426
6000 67918 33481
6000 67805 33335
6000 67860 33497
6000 67879 33383
6000 67890 33445
6000 67844 33308
6000 67849 33324
6000 67809 33391
6000 67865 33360
6000 67868 33433
6000 67860 33356
6000 67782 33363
6000 67868 33489
6000 67829 33392
6000 67753 33391
6000 67864 33299
6000 67811 33386
6000 67973 33461
6000 67868 33383
6000 67806 33368
6000 67855 33471
6000 67856 33460
6000 67843 33368
6000 67855 33391
6000 67856 33356
6000 67809 33453
6000 67822 33372
6000 67901 33477
6000 67890 33508
6000 67860 33379
6000 67821 33400
6000 67849 33443
6000 67914 33375
6000 67912 33402
6000 67848 33361
6000 67831 33449
6000 67781 33404
6000 67757 33286
6000 67820 33370
6000 67759 33347
6000 67927 33386
6000 67821 33428
6000 67839 33435
6000 67896 33400
6000 67841 33397
6000 67858 33350
6000 67834 33291
6000 67918 33374
6000 67855 33297
6000 67802 33424
6000 67799 33427
6000 67853 33341
6000 67872 33447
6000 67774 33451
6000 67765 33376
6000 67786 33401
6000 67806 33325
6000 67842 33333
6000 67827 33356
6000 67880 33371
6000 67826 33473
6000 67812 33358
6000 67848 33412
6000 67785 33405
6000 67826 33451
6000 67823 33393
6000 67834 33357
6000 67792 33480
6000 67839 33433
6000 67780 33420
6000 67788 33310
6000 67821 33310
6000 67882 33395
6000 67895 33409
6000 67928 33373
6000 67883 33393
6000 67816 33369
6000 67833 33440
6000 67769 33401
6000 67856 33405
6000 67817 33303
6000 67853 33421
6000 67844 33416
6000 67830 33380
6000 67855 33396
6000 67828 33375
6000 67934 33488
6000 67806 33399
6000 67696 33294
6000 67922 33429
6000 67818 33379
6000 67857 33447
6000 67790 33371
6000 67813 33466
7000 80657 39624
7000 80721 39580
7000 80663 39612
7000 80633 39733
7000 80652 39689
7000 80607 39647
7000 80632 39536
7000 80667 39638
7000 80719 39649
7000 80641 39694
7000 80548 39613
7000 80602 39567
7000 80761 39752
7000 80651 39572
7000 80610 39666
7000 80724 39718
7000 80692 39680
7000 80618 39654
7000 80678 39613
7000 80639 39700
7000 80662 39716
7000 80690 39636
7000 80786 39614
7000 80732 39647
7000 80714 39767
7000 80753 39623
7000 80643 39606
7000 80753 39659
7000 80646 39582
7000 80756 39745
7000 80648 39651
7000 80741 39709
7000 80683 39633
7000 80661 39633
7000 80653 39635
7000 80597 39707
7000 80585 39648
7000 80548 39673
7000 80695 39720
7000 80738 39692
7000 80597 39537
7000 80645 39673
7000 80697 39655
7000 80669 39679
7000 80666 39690
7000 80696 39650
7000 80642 39667
7000 80698 39720
7000 80742 39702
7000 80657 39636
7000 80758 39696
7000 80667 39659
7000 80584 39682
7000 80691 39761
7000 80676 39743
7000 80701 39701
7000 80637 39587
7000 80752 39620
7000 80629 39678
7000 80713 39739
7000 80723 39761
7000 80594 39613
7000 80747 39700
7000 80613 39742
7000 80692 39638
7000 80619 39659
7000 80675 39668
7000 80735 39664
7000 80595 39663
7000 80676 39714
7000 80660 39693
7000 80618 39650
7000 80679 39688
7000 80675 39689
7000 80724 39693
7000 80673 39703
7000 80753 39768
7000 80771 39687
7000 80610 39597
7000 80614 39730
7000 80685 39596
7000 80703 39647
7000 80687 39555
7000 80611 39716
7000 80656 39724
7000 80730 39698
7000 80689 39680
7000 80708 39700
7000 80708 39636
7000 80691 39628
7000 80704 39575
7000 80637 39600
7000 80714 39622
7000 80787 39799
7000 80658 39697
7000 80669 39567
7000 80704 39711
7000 80614 39637
7000 80701 39703
7000 80745 39630
8000 93644 46521
8000 93564 46447
8000 93571 46485
8000 93612 46449
8000 93602 46478
8000 93663 46615
8000 93647 46495
8000 93596 46494
8000 93631 46645
8000 93638 46590
8000 93616 46587
8000 93597 46489
8000 93670 46515
8000 93686 46478
8000 93608 46506
8000 93701 46561
8000 93689 46563
8000 93655 46451
8000 93567 46541
8000 93634 46457
8000 93675 46567
8000 93760 46633
8000 93531 46459
8000 93616 46457
8000 93656 46514
8000 93673 46584
8000 93523 46468
8000 93573 46442
8000 93545 46515
8000 93698 46548
8000 93604 46555
8000 93603 46453
8000 93586 46512
8000 93697 46560
8000 93640 46535
8000 93695 46453
8000 93683 46466
8000 93526 46554
8000 93720 46604
8000 93598 46413
8000 93690 46519
8000 93562 46476
8000 93662 46503
8000 93691 46445
8000 93638 46453
8000 93648 46420
8000 93662 46515
8000 93594 46521
8000 93651 46592
8000 93620 46535
8000 93663 46632
8000 93652 46489
8000 93667 46601
8000 93660 46533
8000 93664 46504
8000 93629 46475
8000 93597 46414
8000 93647 46635
8000 93645 46561
8000 93577 46594
8000 93640 46549
8000 93581 46560
8000 93612 46523
8000 93558 46543
8000 93545 46422
8000 93674 46471
8000 93612 46384
8000 93675 46526
8000 93698 46561
8000 93591 46488
8000 93610 46627
8000 93609 46495
8000 93690 46688
8000 93633 46469
8000 93594 46494
8000 93534 46476
8000 93631 46648
8000 93643 46492
8000 93653 46633
8000 93680 46550
8000 93741 46529
8000 93667 46526
8000 93669 46645
8000 93665 46399
8000 93681 46494
8000 93727 46551
8000 93686 46467
8000 93648 46535
8000 93723 46583
8000 93636 46525
8000 93634 46517
8000 93718 46536
8000 93630 46634
8000 93602 46541
8000 93697 46577
8000 93677 46673
8000 93699 46561
8000 93687 46589
8000 93629 46485
8000 93703 46602
9000 106992 52642
9000 106977 52713
9000 107044 52650
9000 107129 52649
9000 106908 52697
9000 107066 52651
9000 107007 52704
9000 106968 52688
9000 106952 52611
9000 107015 52636
9000 107001 52660
9000 106922 52558
9000 107059 52743
9000 107024 52584
9000 106981 52690
9000 106866 52650
9000 106937 52562
9000 107003 52707
9000 107015 52625
9000 106986 52631
9000 106876 52552
9000 107050 52704
9000 106951 52606
9000 106947 52604
9000 106860 52687
9000 106975 52677
9000 106982 52667
9000 106853 52521
9000 107032 52548
9000 106898 52570
9000 107032 52688
9000 106988 52709
9000 106961 52607
9000 107028 52628
9000 106968 52653
9000 106993 52632
9000 106917 52594
9000 107003 52618
9000 106936 52724
9000 107047 52636
9000 107042 52682
9000 106997 52670
9000 106984 52696
9000 107066 52508
9000 107022 52716
9000 106944 52776
9000 107038 52719
9000 107059 52677
9000 107029 52627
9000 106943 52682
9000 106888 52544
9000 107042 52680
9000 107033 52726
9000 107041 52591
9000 106987 52558
9000 107025 52540
9000 106906 52586
9000 106900 52560
9000 106989 52718
9000 106833 52580
9000 107024 52570
9000 107000 52571
9000 107060 52611
9000 106901 52515
9000 107034 52669
9000 106975 52700
9000 106931 52555
9000 106987 52729
9000 107013 52774
9000 107033 52658
9000 106964 52555
9000 106871 52479
9000 106920 52509
9000 106975 52656
9000 106981 52648
9000 107021 52697
9000 106987 52625
9000 107141 52645
9000 107021 52621
9000 106943 52678
9000 107002 52744
9000 107069 52559
9000 107041 52576
9000 107017 52627
9000 106953 52658
9000 106825 52480
9000 106924 52746
9000 107062 52679
9000 106970 52597
9000 106951 52554
9000 107020 52678
9000 106954 52577
9000 106903 52668
9000 106974 52674
9000 106975 52678
9000 107011 52635
9000 107038 52582
9000 107002 52678
9000 106924 52733
9000 107012 52687
10000 120573 59151
10000 120598 59065
10000 120474 59117
10000 120461 59294
10000 120417 59120
10000 120447 59203
10000 120390 58999
10000 120394 59135
10000 120422 59124
10000 120552 59212
10000 120492 59227
10000 120435 59228
10000 120521 59250
10000 120425 59183
10000 120459 59183
10000 120421 59135
10000 120476 59172
10000 120316 59174
10000 120450 59189
10000 120394 59137
10000 120461 59189
10000 120450 59133
10000 120443 59053
10000 120491 59103
10000 120565 59146
10000 120428 59138
10000 120532 59137
10000 120500 59288
10000 120358 59067
10000 120464 59106
10000 120468 59141
10000 120370 59066
10000 120430 59110
10000 120423 59206
10000 120469 59051
10000 120464 59132
10000 120525 59086
10000 120516 59307
10000 120357 59004
10000 120430 59157
10000 120517 59145
10000 120399 59176
10000 120418 59207
10000 120291 59120
10000 120367 59083
10000 120384 59187
10000 120384 58994
10000 120379 59234
10000 120574 59116
10000 120524 59198
10000 120450 59083
10000 120454 59161
10000 120481 59292
10000 120503 59252
10000 120386 59192
10000 120488 58975
10000 120558 59118
10000 120426 59195
10000 120406 59148
10000 120354 59145
10000 120455 59129
10000 120468 59217
10000 120496 59222
10000 120315 59143
10000 120453 58972
10000 120419 59123
10000 120446 59169
10000 120394 59247
10000 120473 59059
10000 120446 59289
10000 120355 59351
10000 120487 59181
10000 120509 59166
10000 120366 59214
10000 120392 59092
10000 120475 59179
10000 120433 59153
10000 120502 59245
10000 120516 59238
10000 120462 59112
10000 120529 59107
10000 120504 59133
10000 120421 59206
10000 120433 59058
10000 120534 59185
10000 120448 59171
10000 120470 59061
10000 120435 59106
10000 120417 59032
10000 120486 59252
10000 120381 59177
10000 120473 59127
10000 120477 59304
10000 120469 59113
10000 120580 59246
10000 120405 59019
10000 120408 59185
10000 120424 59142
10000 120386 59104
10000 120460 59122
11000 134028 65637
11000 134048 65822
11000 134094 65681
11000 134048 65666
11000 133898 65681
11000 134046 65787
11000 134034 65647
11000 134070 65679
11000 134156 65707
11000 133966 65786
11000 133891 65715
11000 133993 65776
11000 134027 65690
11000 134027 65769
11000 134052 65706
11000 133895 65643
11000 134016 65649
11000 133965 65731
11000 134084 65607
11000 134134 65726
11000 134039 65637
11000 133961 65809
11000 134038 65692
11000 134002 65601
11000 133954 65746
11000 134043 65690
11000 134105 65740
11000 134117 65726
11000 134104 65665
11000 134006 65719
11000 134056 65773
11000 134092 65658
11000 133944 65765
11000 134070 65644
11000 134104 65858
11000 134107 65766
11000 134028 65752
11000 133978 65704
11000 134091 65720
11000 134054 65723
11000 134013 65721
11000 134124 65682
11000 134103 65833
11000 133903 65712
11000 134041 65679
11000 134035 65677
11000 133984 65680
11000 134005 65717
11000 134084 65719
11000 133969 65646
11000 133971 65711
11000 133965 65704
11000 134019 65763
11000 134011 65708
11000 134133 65634
11000 134019 65652
11000 134051 65691
11000 134109 65756
11000 134106 65684
11000 133983 65777
11000 134068 65585
11000 133952 65575
11000 133962 65729
11000 134057 65720
11000 134113 65670
11000 134105 65641
11000 134211 65619
11000 134062 65703
11000 133998 65676
11000 134049 65566
11000 133970 65751
11000 133993 65801
11000 134122 65722
11000 133981 65715
11000 134055 65738
11000 133925 65600
11000 134030 65701
11000 133986 65842
11000 134113 65702
11000 134060 65688
11000 133989 65584
11000 133904 65844
11000 133963 65677
11000 134035 65777
11000 134023 65739
11000 134089 65722
11000 134110 65599
11000 134010 65792
11000 134053 65684
11000 134077 65660
11000 134027 65740
11000 133968 65815
11000 134077 65819
11000 133924 65604
11000 134129 65867
11000 134085 65797
11000 133913 65621
11000 134020 65689
11000 133997 65675
11000 134053 65690
12000 147717 72636
12000 147620 72756
12000 147682 72630
12000 147637 72731
12000 147763 72786
12000 147717 72758
12000 147634 72825
12000 147697 72780
12000 147729 72727
12000 147584 72678
12000 147605 72792
12000 147762 72710
12000 147745 72677
12000 147755 72757
12000 147724 72922
12000 147737 72664
12000 147577 72765
12000 147653 72770
12000 147580 72798
12000 147661 72816
12000 147708 72780
12000 147700 72720
12000 147782 72599
12000 147683 72791
12000 147692 72847
12000 147764 72758
12000 147732 72894
12000 147730 72788
12000 147692 72768
12000 147648 72831
12000 147632 72682
12000 147670 72720
12000 147785 72811
12000 147656 72775
12000 147592 72673
12000 147736 72545
12000 147637 72751
12000 147592 72840
12000 147667 72846
12000 147656 72737
12000 147631 72670
12000 147734 72749
12000 147705 72740
12000 147752 72823
12000 147713 72692
12000 147624 72635
12000 147714 72841
12000 147685 72632
12000 147706 72803
12000 147727 72811
12000 147692 72883
12000 147672 72762
12000 147615 72640
12000 147678 72772
12000 147645 72808
12000 147795 72797
12000 147824 72748
12000 147683 72717
12000 147659 72696
12000 147826 73004
12000 147648 72765
12000 147755 72800
12000 147647 72594
12000 147751 72703
12000 147625 72698
12000 147629 72635
12000 147633 72602
12000 147716 72864
12000 147556 72707
12000 147685 72677
12000 147663 72747
12000 147669 72696
12000 147720 72787
12000 147702 72742
12000 147681 72663
12000 147744 72874
12000 147709 72699
12000 147742 72762
12000 147671 72689
12000 147757 72783
12000 147571 72588
12000 147544 72735
12000 147660 72543
12000 147731 72811
12000 147664 72706
12000 147642 72750
12000 147623 72757
12000 147671 72857
12000 147825 72766
12000 147686 72770
12000 147664 72780
12000 147804 72938
12000 147641 72768
12000 147619 72824
12000 147639 72667
12000 147715 72710
12000 147703 72699
12000 147603 72794
12000 147719 72811
12000 147598 72629
13000 161440 79450
13000 161461 79466
13000 161532 79309
13000 161490 79342
13000 161349 79453
13000 161552 79474
13000 161529 79327
13000 161444 79375
13000 161502 79398
13000 161479 79463
13000 161468 79386
13000 161439 79305
13000 161520 79322
13000 161398 79413
13000 161490 79520
13000 161501 79331
13000 161431 79296
13000 161524 79375
13000 161446 79434
13000 161461 79408
13000 161517 79268
13000 161397 79359
13000 161473 79256
13000 161515 79437
13000 161568 79306
13000 161263 79400
13000 161507 79605
13000 161500 79394
13000 161513 79460
13000 161396 79435
13000 161519 79403
13000 161362 79382
13000 161476 79449
13000 161431 79402
13000 161546 79428
13000 161464 79413
13000 161528 79437
13000 161406 79391
13000 161582 79504
13000 161475 79480
13000 161419 79331
13000 161394 79385
13000 161475 79383
13000 161348 79290
13000 161566 79472
13000 161456 79339
13000 161292 79318
13000 161377 79342
13000 161565 79377
13000 161452 79410
13000 161554 79256
13000 161351 79276
13000 161485 79450
13000 161529 79386
13000 161487 79513
13000 161459 79267
13000 161516 79433
13000 161568 79410
13000 161334 79412
13000 161549 79465
13000 161520 79364
13000 161482 79433
13000 161366 79402
13000 161491 79356
13000 161510 79270
13000 161486 79425
13000 161448 79375
13000 161474 79395
13000 161554 79329
13000 161495 79566
13000 161572 79396
13000 161360 79293
13000 161562 79516
13000 161492 79464
13000 161652 79457
13000 161488 79442
13000 161521 79453
13000 161384 79369
13000 161460 79571
13000 161455 79414
13000 161453 79499
13000 161503 79432
13000 161554 79430
13000 161505 79331
13000 161523 79505
13000 161590 79500
13000 161477 79294
13000 161463 79346
13000 161423 79472
13000 161365 79446
13000 161521 79418
13000 161463 79329
13000 161490 79508
13000 161469 79255
13000 161474 79300
13000 161344 79312
13000 161471 79420
13000 161454 79360
13000 161504 79249
13000 161663 79451
14000 175408 86378
14000 175394 86249
14000 175363 86391
14000 175329 86261
14000 175441 86267
14000 175257 86377
14000 175382 86305
14000 175349 86392
14000 175313 86246
14000 175399 86261
14000 175410 86366
14000 175277 86288
14000 175335 86305
14000 175386 86315
14000 175332 86308
14000 175436 86298
14000 175382 86447
14000 175370 86338
14000 175331 86395
14000 175298 86315
14000 175360 86274
14000 175413 86449
14000 175317 86226
14000 175385 86275
14000 175299 86195
14000 175279 86299
14000 175388 86521
14000 175441 86380
14000 175343 86326
14000 175509 86439
14000 175337 86316
14000 175294 86325
14000 175226 86216
14000 175429 86251
14000 175431 86284
14000 175363 86173
14000 175348 86342
14000 175361 86324
14000 175279 86269
14000 175305 86389
14000 175285 86375
14000 175282 86447
14000 175405 86285
14000 175420 86132
14000 175263 86378
14000 175278 86407
14000 175363 86232
14000 175323 86215
14000 175404 86401
14000 175365 86407
14000 175397 86279
14000 175512 86250
14000 175333 86240
14000 175299 86338
14000 175338 86342
14000 175409 86282
14000 175375 86350
14000 175336 86237
14000 175410 86363
14000 175454 86366
14000 175244 86316
14000 175355 86496
14000 175259 86295
14000 175400 86359
14000 175403 86318
14000 175318 86224
14000 175280 86439
14000 175365 86382
14000 175251 86234
14000 175395 86252
14000 175270 86519
14000 175263 86422
14000 175369 86403
14000 175265 86208
14000 175367 86328
14000 175362 86300
14000 175182 86390
14000 175342 86173
14000 175344 86250
14000 175236 86301
14000 175392 86394
14000 175286 86385
14000 175359 86257
14000 175408 86342
14000 175475 86392
14000 175459 86336
14000 175280 86391
14000 175328 86405
14000 175392 86305
14000 175344 86230
14000 175284 86365
14000 175363 86304
14000 175310 86432
14000 175313 86304
14000 175373 86335
14000 175340 86367
14000 175412 86427
14000 175171 86239
14000 175414 86218
14000 175420 86415
15000 189269 93369
15000 189332 93282
15000 189467 93644
15000 189235 93300
15000 189236 93313
15000 189330 93280
15000 189314 93423
15000 189250 93253
15000 189357 93582
15000 189319 93430
15000 189122 93421
15000 189190 93600
15000 189219 93434
15000 189300 93505
15000 189428 93588
15000 189271 93459
15000 189297 93483
15000 189201 93470
15000 189356 93473
15000 189408 93479
15000 189383 93591
15000 189291 93381
15000 189305 93398
15000 189207 93405
15000 189323 93288
15000 189324 93509
15000 189384 93587
15000 189306 93366
15000 189290 93490
15000 189207 93293
15000 189281 93406
15000 189295 93485
15000 189317 93403
15000 189201 93416
15000 189410 93357
15000 189314 93381
15000 189334 93351
15000 189292 93342
15000 189442 93546
15000 189274 93425
15000 189468 93456
15000 189309 93398
15000 189367 93289
15000 189256 93499
15000 189294 93486
15000 189278 93317
15000 189353 93514
15000 189226 93293
15000 189305 93335
15000 189289 93426
15000 189315 93519
15000 189385 93502
15000 189235 93317
15000 189332 93373
15000 189239 93529
15000 189335 93396
15000 189368 93508
15000 189359 93421
15000 189278 93402
15000 189388 93442
15000 189294 93397
15000 189241 93289
15000 189295 93336
15000 189232 93341
15000 189290 93577
15000 189378 93440
15000 189210 93345
15000 189214 93252
15000 189426 93561
15000 189309 93424
15000 189381 93436
15000 189235 93420
15000 189181 93522
15000 189204 93313
15000 189379 93459
15000 189269 93309
15000 189313 93287
15000 189204 93477
15000 189246 93315
15000 189353 93573
15000 189352 93446
15000 189324 93554
15000 189271 93410
15000 189282 93484
15000 189351 93533
15000 189239 93598
15000 189341 93524
15000 189246 93394
15000 189248 93340
15000 189280 93378
15000 189446 93552
15000 189298 93323
15000 189445 93473
15000 189170 93360
15000 189391 93435
15000 189344 93400
15000 189359 93544
15000 189310 93402
15000 189403 93290
15000 189356 93312
16000 203296 101002
16000 203202 101167
16000 203233 100921
16000 203274 101204
16000 203329 100973
16000 203277 101115
16000 203365 101135
16000 203280 101204
16000 203264 101150
16000 203296 100990
16000 203304 100924
16000 203299 101148
16000 203237 100984
16000 203259 100980
16000 203184 101085
16000 203386 100977
16000 203266 101039
16000 203506 101183
16000 203230 101075
16000 203338 101046
16000 203141 100948
16000 203098 100939
16000 203252 100994
16000 203272 100971
16000 203232 101124
16000 203427 101178
16000 203105 100869
16000 203205 100996
16000 203256 101106
16000 203197 101036
16000 203233 101025
16000 203342 101093
16000 203222 100968
16000 203288 100897
16000 203273 100950
16000 203261 101080
16000 203229 101040
16000 203174 101062
16000 203367 100986
16000 203281 101058
16000 203409 101168
16000 203345 101010
16000 203407 101034
16000 203243 100952
16000 203334 100996
16000 203303 100957
16000 203348 100949
16000 203215 101030
16000 203255 100840
16000 203209 100997
16000 203302 101037
16000 203080 100876
16000 203324 100965
16000 203210 100964
16000 203280 100968
16000 203282 101091
16000 203245 101081
16000 203389 101101
16000 203327 101253
16000 203323 101123
16000 203276 101045
16000 203274 101141
16000 203232 101137
16000 203370 101084
16000 203305 101194
16000 203200 100947
16000 203155 100894
16000 203161 100873
16000 203290 101093
16000 203346 101049
16000 203457 101184
16000 203327 101007
16000 203149 101085
16000 203335 101190
16000 203352 101204
16000 203189 101073
16000 203236 100969
16000 203238 100842
16000 203267 100914
16000 203319 101110
16000 203276 101053
16000 203273 101097
16000 203166 100854
16000 203347 100936
16000 203238 101155
16000 203414 101017
16000 203256 100970
16000 203336 100876
16000 203154 100922
16000 203368 101049
16000 203270 100886
16000 203201 100947
16000 203317 101044
16000 203348 101056
16000 203356 100975
16000 203267 100944
16000 203253 100944
16000 203365 100901
16000 203332 101051
16000 203265 101027
17000 217538 107731
17000 217631 107686
17000 217497 107512
17000 217657 107810
17000 217424 107501
17000 217621 107884
17000 217653 107858
17000 217499 107635
17000 217462 107648
17000 217589 107955
17000 217452 107654
17000 217619 107836
17000 217465 107793
17000 217623 107807
17000 217498 107506
17000 217548 107637
17000 217541 107686
17000 217552 107688
17000 217540 107723
17000 217533 107788
17000 217491 107708
17000 217616 107752
17000 217485 107665
17000 217514 107846
17000 217537 107803
17000 217523 107631
17000 217392 107670
17000 217609 107899
17000 217599 107680
17000 217485 107645
17000 217491 107690
17000 217558 107953
17000 217619 107760
17000 217485 107746
17000 217577 107954
17000 217592 107715
17000 217555 107793
17000 217440 107891
17000 217589 107722
17000 217532 107696
17000 217465 107886
17000 217593 107749
17000 217455 107596
17000 217545 107592
17000 217437 107751
17000 217471 107869
17000 217667 107728
17000 217637 107798
17000 217588 107620
17000 217616 107939
17000 217471 107632
17000 217548 107672
17000 217756 107841
17000 217482 107630
17000 217470 107775
17000 217554 107781
17000 217383 107789
17000 217509 107764
17000 217586 107718
17000 217688 107876
17000 217476 107925
17000 217506 107851
17000 217523 107625
17000 217651 107968
17000 217358 107577
17000 217493 107705
17000 217500 107749
17000 217527 107727
17000 217573 107748
17000 217556 107689
17000 217559 107592
17000 217416 107698
17000 217465 107703
17000 217590 107814
17000 217548 107955
17000 217554 107802
17000 217628 107842
17000 217593 107696
17000 217552 107865
17000 217468 107690
17000 217563 107791
17000 217546 107578
17000 217581 107775
17000 217558 107685
17000 217450 107783
17000 217438 107726
17000 217455 107682
17000 217735 107679
17000 217663 107850
17000 217565 107751
17000 217496 107736
17000 217558 107781
17000 217507 107932
17000 217512 107808
17000 217707 107888
17000 217574 107775
17000 217559 107831
17000 217478 107748
17000 217536 107778
17000 217460 107721
18000 232008 114329
18000 231905 114037
18000 232136 114289
18000 232009 114315
18000 231783 114047
18000 231881 114254
18000 231890 114325
18000 231721 114310
18000 231810 114192
18000 231847 114479
18000 232039 114343
18000 231920 114277
18000 231942 114219
18000 232009 114368
18000 231889 114379
18000 231982 114467
18000 231894 114281
18000 231978 114265
18000 231977 114312
18000 231893 114236
18000 232081 114319
18000 231972 114202
18000 231932 114279
18000 231914 114288
18000 232130 114224
18000 231872 114234
18000 231921 114219
18000 231909 114219
18000 231978 114414
18000 231909 114269
18000 231903 114292
18000 231897 114249
18000 231995 114261
18000 231947 114397
18000 231881 114102
18000 231951 114284
18000 231916 114319
18000 231934 114352
18000 231982 114411
18000 231965 114223
18000 231970 114267
18000 231930 114373
18000 231833 114229
18000 231978 114357
18000 231934 114065
18000 231851 114248
18000 232046 114325
18000 232052 114386
18000 232039 114334
18000 231937 114343
18000 231924 114153
18000 231976 114302
18000 231926 114283
18000 231934 114348
18000 231885 114289
18000 231833 114338
18000 231989 114329
18000 232035 114142
18000 232028 114469
18000 231981 114213
18000 231887 114146
18000 231951 114167
18000 231879 114229
18000 231893 114422
18000 231988 114250
18000 231863 114137
18000 232041 114489
18000 231847 114225
18000 231917 114168
18000 231966 114090
18000 231999 114303
18000 231987 114268
18000 231924 114256
18000 231825 114096
18000 232029 114350
18000 231914 114316
18000 231789 114162
18000 231917 114501
18000 232079 114494
18000 231954 114149
18000 231980 114386
18000 231870 114323
18000 231923 114329
18000 231998 114487
18000 232033 114181
18000 232024 114230
18000 231866 114117
18000 231959 114383
18000 231920 114421
18000 231836 114238
18000 231838 114361
18000 231882 114206
18000 232150 114150
18000 231863 114231
18000 231836 114067
18000 231883 114282
18000 231897 114281
18000 232019 114328
18000 231895 114216
18000 231939 114380
19000 246434 121053
19000 246472 121023
19000 246428 121150
19000 246525 121218
19000 246408 121077
19000 246371 121112
19000 246624 121163
19000 246392 121114
19000 246525 121148
19000 246440 121213
19000 246487 121183
19000 246466 121056
19000 246363 121076
19000 246418 121345
19000 246431 120936
19000 246524 121039
19000 246427 121164
19000 246433 120991
19000 246419 121016
19000 246458 121042
19000 246394 121037
19000 246509 121196
19000 246460 121066
19000 246525 120946
19000 246500 121089
19000 246417 121201
19000 246403 121080
19000 246504 121143
19000 246551 121064
19000 246482 121118
19000 246424 121032
19000 246495 121112
19000 246438 121046
19000 246342 121030
19000 246285 121130
19000 246524 121092
19000 246337 121167
19000 246438 121084
19000 246293 121166
19000 246433 121114
19000 246472 120968
19000 246468 121119
19000 246449 120986
19000 246185 121106
19000 246525 121109
19000 246547 121221
19000 246484 121120
19000 246376 121102
19000 246421 121001
19000 246382 121192
19000 246517 121090
19000 246536 121098
19000 246440 121162
19000 246356 121188
19000 246278 121216
19000 246281 121081
19000 246346 121436
19000 246303 121135
19000 246282 120939
19000 246549 120906
19000 246512 121105
19000 246495 121086
19000 246414 120984
19000 246435 121234
19000 246365 121011
19000 246405 121109
19000 246437 120935
19000 246318 121158
19000 246323 121016
19000 246438 120992
19000 246453 121140
19000 246448 121158
19000 246386 121245
19000 246347 121110
19000 246358 121080
19000 246396 121091
19000 246352 121029
19000 246526 121094
19000 246367 121171
19000 246475 121019
19000 246297 121068
19000 246388 121066
19000 246503 121213
19000 246339 121061
19000 246400 121015
19000 246219 121049
19000 246461 120963
19000 246469 121024
19000 246509 121015
19000 246312 121087
19000 246354 121061
19000 246403 121017
19000 246316 121209
19000 246485 121188
19000 246397 121040
19000 246255 120970
19000 246318 121151
19000 246423 121060
19000 246383 121187
19000 246440 120936
20000 260929 128255
20000 260782 128306
20000 260689 128100
20000 260905 128179
20000 260912 128456
20000 260931 128433
20000 260948 128444
20000 260899 128239
20000 260916 128499
20000 260821 128324
20000 260942 128344
20000 260827 128285
20000 260886 128448
20000 260911 128240
20000 260798 128209
20000 260829 128339
20000 260749 128458
20000 260858 128471
20000 260993 128469
20000 261010 128389
20000 260823 128280
20000 260915 128437
20000 260920 128308
20000 260868 128284
20000 261066 128382
20000 260973 128361
20000 260903 128428
20000 260852 128230
20000 260873 128349
20000 260895 128424
20000 261009 128262
20000 260879 128130
20000 260813 128373
20000 260913 128219
20000 260861 128367
20000 260799 128243
20000 260832 128482
20000 261046 128278
20000 260878 128437
20000 261051 128425
20000 260897 128401
20000 260797 128428
20000 260789 128229
20000 260889 128228
20000 260927 128349
20000 260930 128274
20000 260989 128316
20000 260743 128375
20000 260793 128148
20000 260884 128453
20000 260740 128186
20000 260990 128320
20000 260931 128231
20000 260875 128147
20000 260975 128525
20000 260793 128434
20000 260855 128191
20000 260873 128295
20000 260977 128468
20000 261044 128387
20000 260949 128464
20000 260885 128293
20000 260890 128481
20000 260792 128284
20000 260940 128148
20000 260863 128377
20000 260902 128506
20000 260900 128366
20000 260971 128211
20000 261026 128299
20000 260801 128235
20000 260884 128432
20000 260866 128279
20000 260821 128333
20000 260814 128268
20000 260859 128203
20000 261042 128357
20000 261074 128238
20000 260901 128357
20000 260860 128380
20000 260850 128174
20000 260818 128264
20000 260924 128407
20000 260895 128364
20000 260687 128383
20000 260821 128337
20000 260813 128346
20000 260949 128323
20000 260914 128305
20000 260910 128067
20000 260829 128262
20000 260866 128389
20000 260853 128322
20000 260866 128180
20000 260930 128260
20000 260873 128373
20000 260975 128388
20000 260922 128641
20000 260845 128297
20000 260879 128332
