1000 11320 6675
1000 11529 5852
1000 10282 5094
1000 10617 5442
1000 12400 6298
1000 10374 5972
1000 11447 6500
1000 10729 5427
1000 10223 5985
1000 10507 5941
1000 10369 5774
1000 11099 5864
1000 10148 6088
1000 10483 5727
1000 10128 5154
1000 10130 5489
1000 12373 7198
1000 11959 7731
1000 10765 5349
1000 10268 5254
1000 11031 6361
1000 11190 6931
1000 10786 5347
1000 10194 5863
1000 9923 5458
1000 11164 6617
1000 10390 5847
1000 11053 4892
1000 10234 5849
1000 10929 6150
1000 11494 5795
1000 11679 6460
1000 11221 6350
1000 12119 7185
1000 11065 5818
1000 10991 6235
1000 11141 6485
1000 11414 6263
1000 11723 6123
1000 10985 6560
1000 11924 6860
1000 11852 8010
1000 10437 6238
1000 10251 5382
1000 11087 6736
1000 10682 6388
1000 12651 8510
1000 11327 5813
1000 11129 6815
1000 10946 5093
1000 10775 6523
1000 10775 5459
1000 10224 5242
1000 10843 6142
1000 11770 7300
1000 11162 6082
1000 11125 4936
1000 10342 6286
1000 10621 5463
1000 11293 5258
1000 11400 5962
1000 11191 7168
1000 10755 5594
1000 10942 6437
1000 10206 5536
1000 11537 6451
1000 11271 6136
1000 10546 5849
1000 9970 5183
1000 10443 5795
1000 10286 6335
1000 11362 5782
1000 12420 6560
1000 11050 7019
1000 11879 6000
1000 10575 6048
1000 11165 6003
1000 11207 5567
1000 11562 5875
1000 10287 5814
1000 11671 7640
1000 10558 6081
1000 10191 5857
1000 10927 5625
1000 13574 6368
1000 10537 6071
1000 11611 7283
1000 10846 6577
1000 10450 6300
1000 10509 6158
1000 10662 6396
1000 11251 5939
1000 11333 6224
1000 10288 5977
1000 10988 6227
1000 10558 6544
1000 10861 6127
1000 11191 6383
1000 10572 5298
1000 10237 6295
2000 24612 12908
2000 26541 14581
2000 27014 15027
2000 25098 12000
2000 23377 12618
2000 24725 13089
2000 23511 12827
2000 27182 15530
2000 23553 13583
2000 23665 12909
2000 26544 15673
2000 24820 14589
2000 27383 13845
2000 24706 14158
2000 24013 14426
2000 25734 13609
2000 25315 12733
2000 23862 14486
2000 24056 14296
2000 22808 11745
2000 22992 13949
2000 24447 13793
2000 25189 14694
2000 24981 12996
2000 24096 13317
2000 23178 11920
2000 23297 12924
2000 23234 13930
2000 23448 12973
2000 24710 12887
2000 24594 13828
2000 23598 13030
2000 23435 12640
2000 22916 11613
2000 24800 15558
2000 23726 12480
2000 25989 14387
2000 26450 15679
2000 23524 12395
2000 24752 14012
2000 23789 14254
2000 23325 12956
2000 26554 13880
2000 24441 15399
2000 23869 13609
2000 24134 13102
2000 26517 13267
2000 26326 16555
2000 24211 11609
2000 25250 13743
2000 24122 13839
2000 25331 12506
2000 24114 13698
2000 24696 14288
2000 25355 16007
2000 24288 12373
2000 23225 13336
2000 23314 14715
2000 25290 15618
2000 23062 13110
2000 24486 14655
2000 22733 12863
2000 22894 11963
2000 23533 12251
2000 22302 12252
2000 24992 14277
2000 24728 13432
2000 24173 13471
2000 24877 13526
2000 27965 15517
2000 23647 12288
2000 25007 12360
2000 24899 14594
2000 25819 13559
2000 23548 13080
2000 23137 12895
2000 23561 12043
2000 22757 13447
2000 22721 12406
2000 25982 11651
2000 24539 15391
2000 24815 14690
2000 24644 11639
2000 25998 13448
2000 23586 12973
2000 24089 12606
2000 25140 12810
2000 23283 14059
2000 26620 14255
2000 23080 13196
2000 24752 15073
2000 24380 13624
2000 22991 12998
2000 25878 15130
2000 26921 16378
2000 24411 13254
2000 24128 14571
2000 23846 13194
2000 23845 13475
2000 23563 12988
3000 40782 20674
3000 43072 23040
3000 38155 18799
3000 36139 20060
3000 42072 24225
3000 38659 21321
3000 40911 19909
3000 42074 24903
3000 46607 21092
3000 41304 24118
3000 39398 20213
3000 45747 24735
3000 36399 21658
3000 36676 19631
3000 37060 20372
3000 37089 20565
3000 40422 23896
3000 37690 22498
3000 38210 20245
3000 38946 19468
3000 40417 23846
3000 38486 20236
3000 42511 21117
3000 38760 22512
3000 38771 21013
3000 39808 22578
3000 40491 24158
3000 36444 21118
3000 39122 23904
3000 38577 20757
3000 41705 25983
3000 35783 18934
3000 36991 20967
3000 40477 19663
3000 40789 20679
3000 39372 24015
3000 41324 23722
3000 41036 20885
3000 38074 20761
3000 39267 17933
3000 39007 20994
3000 43338 22661
3000 39977 21079
3000 37966 19107
3000 38121 20818
3000 40002 20093
3000 39210 21260
3000 43293 22252
3000 42123 26055
3000 38857 21540
3000 41914 19242
3000 38433 22233
3000 37934 22318
3000 37225 18774
3000 37542 21663
3000 40061 22081
3000 37636 21891
3000 40853 20762
3000 39547 21426
3000 36919 20530
3000 38788 20253
3000 36433 20402
3000 39408 21761
3000 40482 24177
3000 37592 20934
3000 38353 18944
3000 38392 21537
3000 37091 21069
3000 41641 20773
3000 38688 20806
3000 40227 20890
3000 38866 21697
3000 39786 24150
3000 39480 22633
3000 38261 21933
3000 37699 19240
3000 39870 25624
3000 36806 19924
3000 40040 23489
3000 40971 20854
3000 38807 20217
3000 39593 21043
3000 37543 19805
3000 37832 20566
3000 42941 25077
3000 37664 20980
3000 40312 25251
3000 39662 21818
3000 40515 23843
3000 37746 21679
3000 42372 24166
3000 37064 21657
3000 39706 22328
3000 38405 20275
3000 37409 19588
3000 38348 18944
3000 36819 20011
3000 45120 24436
3000 40643 23695
3000 43453 27670
4000 52776 31052
4000 52629 28379
4000 55536 31683
4000 53180 29630
4000 60546 29482
4000 57236 26778
4000 54600 31910
4000 56603 31183
4000 50267 28433
4000 55054 31246
4000 54205 33953
4000 60334 31028
4000 55514 28004
4000 50214 27257
4000 51575 28441
4000 51891 27048
4000 54540 30534
4000 50007 26914
4000 54458 30862
4000 52975 28983
4000 57255 31954
4000 52808 27672
4000 53480 25896
4000 56897 29989
4000 51098 27965
4000 57252 31584
4000 52669 29696
4000 55340 29044
4000 53937 28304
4000 54077 26804
4000 54187 27258
4000 54982 31094
4000 55511 31831
4000 54182 28179
4000 51587 27952
4000 55465 26957
4000 54087 30194
4000 53857 30380
4000 52524 31106
4000 54406 29678
4000 51437 28490
4000 53554 28225
4000 52221 29045
4000 59124 29309
4000 53963 25997
4000 55805 26781
4000 56185 34598
4000 54708 31691
4000 51849 28729
4000 56281 32408
4000 55979 31076
4000 52772 28925
4000 53797 26313
4000 54744 32201
4000 52636 29100
4000 54731 31202
4000 51857 31400
4000 54294 30331
4000 55035 30701
4000 51357 29478
4000 53607 28656
4000 52896 26751
4000 53590 29909
4000 54318 28942
4000 56858 27996
4000 54436 32439
4000 54034 32789
4000 53120 26941
4000 56697 28904
4000 55016 32006
4000 54919 30605
4000 57431 35069
4000 57497 31047
4000 56430 30683
4000 51746 26646
4000 56945 34438
4000 55107 29037
4000 52874 26926
4000 55118 27774
4000 53580 30352
4000 51473 25396
4000 55385 29519
4000 52344 28274
4000 56224 31145
4000 57209 27588
4000 50674 25901
4000 52197 27508
4000 56608 32103
4000 54606 27149
4000 58382 29057
4000 54157 28800
4000 52881 31523
4000 53222 29996
4000 52961 29168
4000 55289 27382
4000 54405 26273
4000 50514 29132
4000 57007 31610
4000 54457 27190
4000 60211 31005
5000 69783 33700
5000 72268 35144
5000 69519 40863
5000 75791 39535
5000 69577 41013
5000 68865 41662
5000 74257 47127
5000 69325 38177
5000 71658 38144
5000 70414 37304
5000 73899 37277
5000 73065 39973
5000 69114 41204
5000 65567 33091
5000 68841 38834
5000 66690 39945
5000 74078 36176
5000 71880 43792
5000 68511 38981
5000 70863 38634
5000 75033 38976
5000 71410 40108
5000 66768 37537
5000 68321 35592
5000 70045 40551
5000 71355 41141
5000 66921 36079
5000 69895 37846
5000 71626 32832
5000 65203 34922
5000 69959 38337
5000 75032 40880
5000 67747 36462
5000 68847 33215
5000 67821 40487
5000 67912 35404
5000 68592 35932
5000 69294 38368
5000 69942 40296
5000 65089 37100
5000 68559 36546
5000 77483 46100
5000 67698 39589
5000 79814 46760
5000 72315 43053
5000 69162 37751
5000 73390 40341
5000 76383 45374
5000 70637 37664
5000 70218 40657
5000 68406 37412
5000 68897 36037
5000 69295 42535
5000 76801 40713
5000 74415 35119
5000 67893 35305
5000 73497 37924
5000 67049 37684
5000 70168 35795
5000 73049 38346
5000 69202 41465
5000 70137 40135
5000 70424 39506
5000 68729 34948
5000 66792 38110
5000 71810 43203
5000 72416 44822
5000 73164 36616
5000 66972 34371
5000 70100 40381
5000 70505 42130
5000 68312 38179
5000 73707 40476
5000 67194 37469
5000 68218 39832
5000 68998 39249
5000 71094 34106
5000 71097 40613
5000 69252 36521
5000 66896 38536
5000 69230 41934
5000 70053 41662
5000 71231 34497
5000 68700 36031
5000 70706 34584
5000 82339 38814
5000 70447 36667
5000 71955 33644
5000 71121 40147
5000 68681 35078
5000 72942 36118
5000 74171 41687
5000 67579 36304
5000 69773 35187
5000 75865 40309
5000 72851 44866
5000 70174 36410
5000 66353 38292
5000 70632 39489
5000 65334 34983
6000 82523 45771
6000 84607 45832
6000 92750 53895
6000 85969 49116
6000 87828 49307
6000 91632 47822
6000 90284 50344
6000 84902 49097
6000 91069 50425
6000 87093 54336
6000 90373 50160
6000 90283 53675
6000 85282 47728
6000 89002 50138
6000 92512 46466
6000 86312 46530
6000 86851 46350
6000 85794 45532
6000 84493 43852
6000 91823 51876
6000 93726 54401
6000 86969 49371
6000 83247 46951
6000 88703 51125
6000 90428 50818
6000 96761 57076
6000 88096 47262
6000 86637 51997
6000 84659 49625
6000 86377 46495
6000 86503 52157
6000 89229 45861
6000 83728 46111
6000 83874 45738
6000 86837 46592
6000 80850 46054
6000 90087 50063
6000 84625 49979
6000 82962 45074
6000 87369 51412
6000 89554 47026
6000 83907 47112
6000 84877 46078
6000 90429 52739
6000 89504 43323
6000 83594 44536
6000 83390 45980
6000 93872 49283
6000 95867 52309
6000 87333 46303
6000 87893 47492
6000 92442 50376
6000 85919 46633
6000 93309 46220
6000 85591 44866
6000 88738 48063
6000 94653 61398
6000 88450 45320
6000 84825 46787
6000 86545 40818
6000 82606 43314
6000 89353 53343
6000 81410 47693
6000 88827 45613
6000 84178 42734
6000 86616 47511
6000 88936 56619
6000 82564 46477
6000 91409 48286
6000 84291 50470
6000 91303 49098
6000 89093 45141
6000 86895 44774
6000 85440 47480
6000 81740 46546
6000 87482 49366
6000 93173 56624
6000 87291 47059
6000 87074 47518
6000 82218 45985
6000 85729 46685
6000 87548 54521
6000 81714 45525
6000 99584 43405
6000 90782 49142
6000 89787 51059
6000 86839 48556
6000 85483 44350
6000 84000 47802
6000 83160 43598
6000 87756 49561
6000 96423 56654
6000 86409 45180
6000 80686 42950
6000 88769 47927
6000 82317 44845
6000 81812 44538
6000 93865 44538
6000 83913 44376
6000 96123 56081
7000 108104 61207
7000 98927 58766
7000 104448 55740
7000 106453 58957
7000 99224 52703
7000 108967 59068
7000 109527 54732
7000 107054 61928
7000 101355 55627
7000 104320 49639
7000 98435 54195
7000 103583 58195
7000 98468 57331
7000 102959 56570
7000 105036 54268
7000 101950 61958
7000 113326 51805
7000 97932 53458
7000 107177 62847
7000 104287 57368
7000 101016 62635
7000 103467 57028
7000 97556 53987
7000 103460 58443
7000 103079 51114
7000 108714 62101
7000 101326 53504
7000 107991 55868
7000 105609 56804
7000 102899 53328
7000 102747 56521
7000 100853 58476
7000 112819 62766
7000 114149 70004
7000 101383 59967
7000 102268 55727
7000 106726 53994
7000 104868 66368
7000 102109 52806
7000 99000 56361
7000 101580 58715
7000 105584 54551
7000 103245 56787
7000 102076 57397
7000 95473 54195
7000 109995 61922
7000 96208 52233
7000 100102 58359
7000 99825 48419
7000 100893 53563
7000 105082 57094
7000 101571 53828
7000 99960 54484
7000 103735 58284
7000 107805 50973
7000 98986 54962
7000 107653 54829
7000 104960 54438
7000 104587 60917
7000 106788 62008
7000 104463 52159
7000 114272 60685
7000 102654 53119
7000 97392 57308
7000 97031 53939
7000 100670 58832
7000 102294 56512
7000 103223 59105
7000 104128 62470
7000 102534 58918
7000 105287 58213
7000 104583 62182
7000 107111 58709
7000 100803 58667
7000 104403 61154
7000 103761 56498
7000 95000 51709
7000 107683 60927
7000 100236 59014
7000 99299 51618
7000 103403 52255
7000 106820 61712
7000 102154 54035
7000 101264 57054
7000 101859 60795
7000 105945 61070
7000 102506 59572
7000 106047 55644
7000 100744 56470
7000 114932 54594
7000 103420 58591
7000 109452 61972
7000 99642 58025
7000 101277 54046
7000 110295 63421
7000 101961 49233
7000 104388 57049
7000 98602 51755
7000 99433 53329
7000 111302 62634
8000 121818 72173
8000 120333 63104
8000 123603 67760
8000 128105 69481
8000 115224 67489
8000 116622 68399
8000 119174 66546
8000 124018 70877
8000 120462 60710
8000 124234 74672
8000 120986 66357
8000 123216 67991
8000 129835 74100
8000 120711 70405
8000 114871 63968
8000 129470 67037
8000 114475 64127
8000 121170 70768
8000 123690 60835
8000 119966 67943
8000 117041 64223
8000 122038 62221
8000 135461 77128
8000 117475 56970
8000 119446 61219
8000 122690 58289
8000 112601 60231
8000 116016 63136
8000 119036 69130
8000 133059 68582
8000 123729 72717
8000 116084 63099
8000 118603 62104
8000 136058 83713
8000 126993 74598
8000 127386 72838
8000 115393 64430
8000 114656 66083
8000 114041 55538
8000 118114 62719
8000 121732 65033
8000 123994 68262
8000 120086 64964
8000 117028 63093
8000 116552 63901
8000 122641 68554
8000 116129 63366
8000 130938 73021
8000 114782 58896
8000 116728 64741
8000 115965 64526
8000 120948 70973
8000 117998 63648
8000 113097 64809
8000 122265 65062
8000 121562 68676
8000 119984 60302
8000 125335 67554
8000 116816 61081
8000 121128 69764
8000 115063 65467
8000 117764 59980
8000 120742 66144
8000 120609 70151
8000 119337 68699
8000 120673 64258
8000 117475 69170
8000 116253 67374
8000 118845 64228
8000 115012 61788
8000 117373 66636
8000 113449 59939
8000 131246 62935
8000 114732 61465
8000 118680 58180
8000 119306 65965
8000 118767 63915
8000 114942 55838
8000 117757 62800
8000 115769 65394
8000 120318 64392
8000 119532 67633
8000 118787 61583
8000 120381 66378
8000 120139 63574
8000 113104 59721
8000 118954 62617
8000 123430 68075
8000 119035 65767
8000 124491 73618
8000 124472 65620
8000 125367 64126
8000 132113 78022
8000 114610 61468
8000 123563 65084
8000 123260 76586
8000 117616 62168
8000 120180 60854
8000 124539 68223
8000 116035 63226
9000 132935 69018
9000 150860 84338
9000 137766 69048
9000 135648 78641
9000 138559 74195
9000 141952 75526
9000 146002 78651
9000 131989 72162
9000 129774 69249
9000 128441 72068
9000 135293 76116
9000 141261 76163
9000 149068 82217
9000 138223 72309
9000 147322 84064
9000 132123 70841
9000 137480 81461
9000 143164 78072
9000 134354 73345
9000 137258 75652
9000 139633 80261
9000 141541 73937
9000 140384 71125
9000 137318 80853
9000 144264 80116
9000 151780 84862
9000 134238 78608
9000 138349 71117
9000 133074 68613
9000 137417 78149
9000 132329 71679
9000 134769 74943
9000 162378 95305
9000 131466 69763
9000 140267 77582
9000 147068 78259
9000 135902 75618
9000 137216 83145
9000 143263 76751
9000 139356 71042
9000 131683 68536
9000 134866 72138
9000 138358 81367
9000 128496 72758
9000 138300 67798
9000 131081 75968
9000 131341 70718
9000 133205 73891
9000 135229 74713
9000 140706 72461
9000 140775 70296
9000 138389 68728
9000 129859 73285
9000 130618 67532
9000 134707 74326
9000 138020 73960
9000 142579 80318
9000 141870 75039
9000 142474 75063
9000 136445 79635
9000 147806 88655
9000 131330 69571
9000 132658 65912
9000 129146 75801
9000 142569 72654
9000 132097 68493
9000 128761 70579
9000 151512 82795
9000 135815 77224
9000 138561 76383
9000 131406 68468
9000 137107 75103
9000 140082 71392
9000 130512 77471
9000 142010 75646
9000 141279 74155
9000 136554 77710
9000 128486 70082
9000 148682 74348
9000 138795 80657
9000 132391 75791
9000 153345 73979
9000 132106 70139
9000 130807 70748
9000 135935 71023
9000 140674 75676
9000 134220 76168
9000 142714 71236
9000 131178 65687
9000 134431 67040
9000 142052 78127
9000 144978 85999
9000 130709 68548
9000 131317 72852
9000 138966 79825
9000 141874 73232
9000 132325 64811
9000 137009 75682
9000 138554 74481
9000 134933 74434
10000 152463 81069
10000 152436 84114
10000 160194 83147
10000 154378 93145
10000 151006 87131
10000 166400 93104
10000 154488 84172
10000 176939 96784
10000 155955 75744
10000 161769 84581
10000 151646 85371
10000 147564 78876
10000 152583 77632
10000 157925 91962
10000 158228 88516
10000 156546 85079
10000 149657 84571
10000 154221 80124
10000 153744 85539
10000 160286 98294
10000 156239 80867
10000 164239 85119
10000 165346 83951
10000 151072 84632
10000 163278 92250
10000 151292 76338
10000 168347 93379
10000 151365 78864
10000 156053 82016
10000 158083 86450
10000 149962 79107
10000 152734 89426
10000 177777 82746
10000 154028 86036
10000 147530 81684
10000 160729 88112
10000 153221 83991
10000 157643 85182
10000 168456 83935
10000 149214 84187
10000 162000 90183
10000 162680 81605
10000 159523 77682
10000 146742 83621
10000 148613 77889
10000 147704 80923
10000 149653 76702
10000 150808 78613
10000 156605 86702
10000 151518 75795
10000 151273 86356
10000 169272 87971
10000 157659 91412
10000 152499 80547
10000 150004 83258
10000 159406 80752
10000 161366 98654
10000 154975 86038
10000 157794 96707
10000 153245 83691
10000 167104 103435
10000 158455 90173
10000 159525 83116
10000 166584 85056
10000 162102 81777
10000 173527 87334
10000 151040 83302
10000 144212 80800
10000 158522 87250
10000 165728 87722
10000 157167 86849
10000 156387 78902
10000 149665 87113
10000 152990 86886
10000 157645 80950
10000 162600 86840
10000 158672 84746
10000 149927 82653
10000 146529 76890
10000 158199 78819
10000 155274 85919
10000 150043 86507
10000 151335 81449
10000 148988 80857
10000 155382 90266
10000 152449 82797
10000 154879 82876
10000 157101 83893
10000 145752 76028
10000 153085 80965
10000 152676 80430
10000 167477 83647
10000 149562 80218
10000 150789 77730
10000 159847 92555
10000 159290 81902
10000 156248 85137
10000 157932 87321
10000 150923 78972
10000 150218 78183
11000 165231 82711
11000 168363 93956
11000 180873 93207
11000 176456 96845
11000 165381 88441
11000 169271 90673
11000 172469 95844
11000 169412 100213
11000 173906 89412
11000 183651 100072
11000 177271 102138
11000 165295 94520
11000 173277 92983
11000 171893 85669
11000 179351 98436
11000 162243 89285
11000 163199 86602
11000 170074 89555
11000 177266 96373
11000 174757 96936
11000 173728 88301
11000 175445 99657
11000 166603 90214
11000 169155 88113
11000 172831 88498
11000 174726 105073
11000 172410 100215
11000 181612 96287
11000 174988 99413
11000 167331 87168
11000 164708 93176
11000 177683 91024
11000 186200 84055
11000 170779 105399
11000 178523 100172
11000 163552 89908
11000 178628 106801
11000 182987 99566
11000 160515 83042
11000 169194 90590
11000 172960 90826
11000 173164 89270
11000 169586 91909
11000 181597 116368
11000 168842 91251
11000 176044 101218
11000 169662 92301
11000 179496 107474
11000 171406 90853
11000 170173 90761
11000 177488 111511
11000 164064 88316
11000 176890 92631
11000 182807 99508
11000 165629 93919
11000 172835 100145
11000 171597 102382
11000 177190 85265
11000 172434 102653
11000 162985 86802
11000 178011 96076
11000 171489 93496
11000 161464 90903
11000 171143 93448
11000 164980 94136
11000 179647 105756
11000 175282 98240
11000 178530 97421
11000 168318 93254
11000 168967 86576
11000 170966 86322
11000 176130 98900
11000 183694 104864
11000 181560 97331
11000 174543 98698
11000 178184 96448
11000 169268 84406
11000 177481 92691
11000 175445 95638
11000 176093 100307
11000 191553 87606
11000 170445 83400
11000 170213 87508
11000 178023 101786
11000 171327 83912
11000 170802 98032
11000 169256 98698
11000 175769 87954
11000 161797 87739
11000 185857 97786
11000 168627 98882
11000 164295 91128
11000 177704 80440
11000 170285 93154
11000 168578 97278
11000 159952 95270
11000 171383 96441
11000 173004 91466
11000 171674 98220
11000 178831 88730
12000 183927 95441
12000 184511 102888
12000 186712 105872
12000 182548 100457
12000 194709 95358
12000 184908 105580
12000 187385 107467
12000 213218 124029
12000 182536 105800
12000 186249 89509
12000 186470 105262
12000 208521 125216
12000 191718 101638
12000 182284 102649
12000 181476 93075
12000 196731 107931
12000 204009 122144
12000 188093 105481
12000 194519 107238
12000 183070 93622
12000 184337 98781
12000 186936 99857
12000 195988 107229
12000 196392 106258
12000 182659 108106
12000 187452 96149
12000 185958 91798
12000 201016 105577
12000 195565 121506
12000 190882 94665
12000 177119 97451
12000 183891 105732
12000 189981 98719
12000 194650 110032
12000 190609 96048
12000 185358 101579
12000 193632 113083
12000 194951 98454
12000 194247 110438
12000 180981 92827
12000 199543 108764
12000 196640 123807
12000 193721 115063
12000 185231 97329
12000 200503 101972
12000 198857 108847
12000 180369 100644
12000 205696 119985
12000 182930 96361
12000 187141 104246
12000 198283 104472
12000 194177 106401
12000 186493 105297
12000 206103 115565
12000 191470 102787
12000 182247 101929
12000 185772 103241
12000 189937 96537
12000 189105 105988
12000 190088 102979
12000 185885 98616
12000 187534 103940
12000 191498 104910
12000 184680 95723
12000 193760 110805
12000 200234 104329
12000 183889 95809
12000 213674 112969
12000 216325 112495
12000 181037 89071
12000 181875 101539
12000 192264 105323
12000 184396 104350
12000 195576 93929
12000 195412 102516
12000 210905 111119
12000 186817 100985
12000 189207 102214
12000 179972 100894
12000 184314 106453
12000 195475 106161
12000 191146 101331
12000 190389 105608
12000 190465 112385
12000 189897 110366
12000 179367 93301
12000 191720 96734
12000 188553 106718
12000 188006 105364
12000 180838 94275
12000 200900 128671
12000 185375 101665
12000 195383 105344
12000 184047 96280
12000 181396 102042
12000 188937 100632
12000 182267 94951
12000 194153 104967
12000 196322 90030
12000 189192 103798
13000 215531 102162
13000 210997 116465
13000 206735 111502
13000 205387 109345
13000 202062 110830
13000 205068 105560
13000 203657 108676
13000 215047 115015
13000 216406 119859
13000 220396 100687
13000 208356 111888
13000 210753 116009
13000 215445 102577
13000 200913 114542
13000 218045 102853
13000 195707 98847
13000 210644 120997
13000 214178 114525
13000 218483 110629
13000 209278 114814
13000 208221 122554
13000 205849 117421
13000 213110 110401
13000 200650 111377
13000 200795 110898
13000 211680 117190
13000 221719 121879
13000 204709 110966
13000 200388 107849
13000 213962 106934
13000 228621 119299
13000 200452 116840
13000 205270 115096
13000 210864 109270
13000 212294 121857
13000 199299 111447
13000 210660 113202
13000 212118 111813
13000 201709 109689
13000 214163 116680
13000 225134 130244
13000 206659 113796
13000 212880 119123
13000 207078 115545
13000 213698 116118
13000 236178 136227
13000 201224 116491
13000 208622 107027
13000 208579 114105
13000 205573 108130
13000 204871 112613
13000 201590 102993
13000 215382 103676
13000 210112 103005
13000 211337 119346
13000 213712 111985
13000 204604 105137
13000 203930 112937
13000 215149 113389
13000 220979 123399
13000 211475 116047
13000 212510 116962
13000 226955 136249
13000 209657 105429
13000 213557 109802
13000 203880 111153
13000 210614 117111
13000 203396 104059
13000 201760 122155
13000 209021 113772
13000 205140 108295
13000 223280 129411
13000 208279 114975
13000 202482 113319
13000 204377 115540
13000 203598 109667
13000 211467 121677
13000 213197 119939
13000 202096 106568
13000 212251 113903
13000 212808 118513
13000 208237 113366
13000 203307 111562
13000 210561 114881
13000 204274 108803
13000 206217 106020
13000 209125 121114
13000 202527 116401
13000 200959 102754
13000 213036 107573
13000 211235 114991
13000 224351 117824
13000 217988 127341
13000 213103 120977
13000 220206 100594
13000 205716 104385
13000 208552 120966
13000 198361 113850
13000 203872 101692
13000 208217 121190
14000 235787 114878
14000 218236 127139
14000 218435 120485
14000 219896 119673
14000 235045 122228
14000 231289 131435
14000 223094 108711
14000 231221 114089
14000 230192 137139
14000 224719 127952
14000 217795 116987
14000 221936 116748
14000 219714 123146
14000 221523 119496
14000 243790 135483
14000 230204 119331
14000 231668 114380
14000 218560 111577
14000 236532 133386
14000 213910 121770
14000 228511 122495
14000 225880 111669
14000 219338 110813
14000 217333 122312
14000 219293 116614
14000 220178 128085
14000 228911 114926
14000 209853 112243
14000 220667 125502
14000 219356 118605
14000 225738 116086
14000 238442 132960
14000 226994 113740
14000 221590 127055
14000 238289 146038
14000 216799 120984
14000 233901 126679
14000 219950 106821
14000 236218 135929
14000 226671 130893
14000 232197 123309
14000 237257 141432
14000 221899 119651
14000 224178 119620
14000 237066 133314
14000 223694 122312
14000 219473 118130
14000 225367 113153
14000 224313 122391
14000 229725 119112
14000 230140 116569
14000 229645 125835
14000 215440 112925
14000 222396 118379
14000 209146 116286
14000 223225 126225
14000 223461 114293
14000 222886 121755
14000 217965 129105
14000 224677 128669
14000 237322 139886
14000 225086 107657
14000 221447 113227
14000 216432 122781
14000 212306 113586
14000 235337 121298
14000 213742 117379
14000 252124 146665
14000 221879 122207
14000 232222 133352
14000 214445 114358
14000 213718 125520
14000 218016 114541
14000 224479 120601
14000 233530 121568
14000 226985 117399
14000 216958 116626
14000 220705 118265
14000 224577 125182
14000 214278 112259
14000 232475 122504
14000 239496 131856
14000 230664 126272
14000 223749 130496
14000 222023 125459
14000 231042 118041
14000 218813 122208
14000 230311 137929
14000 227131 122708
14000 229239 120806
14000 233834 112620
14000 219092 117159
14000 240132 133869
14000 232716 116408
14000 239090 151934
14000 224410 128866
14000 222304 112281
14000 216625 112578
14000 223586 117272
14000 231275 131980
15000 239088 137526
15000 238506 120361
15000 235562 139086
15000 238663 120136
15000 252594 131269
15000 237032 126038
15000 240377 127963
15000 242732 130213
15000 246858 125646
15000 244256 120430
15000 246360 122949
15000 254429 137113
15000 242614 122755
15000 239136 127481
15000 259934 139503
15000 242917 135015
15000 235494 136467
15000 241726 132965
15000 254359 145762
15000 239793 129815
15000 234097 128165
15000 242226 128102
15000 234864 126167
15000 246196 130437
15000 236247 126023
15000 253373 126566
15000 260823 142637
15000 235145 127666
15000 248303 141832
15000 253342 127059
15000 249853 148022
15000 226322 127702
15000 245708 131381
15000 246304 126886
15000 243362 125384
15000 251135 133195
15000 254030 146982
15000 246405 128195
15000 255629 143286
15000 240367 128673
15000 263331 155466
15000 240033 135710
15000 246427 130132
15000 259566 143163
15000 232092 127160
15000 237120 139334
15000 251094 136816
15000 265670 113327
15000 230571 123175
15000 242700 144550
15000 252178 142317
15000 263102 139112
15000 245885 124349
15000 254361 149502
15000 235600 127978
15000 251744 136758
15000 276225 147473
15000 253203 156454
15000 242453 133595
15000 236802 124769
15000 243465 124048
15000 245933 133452
15000 249714 140848
15000 237658 124919
15000 250672 136145
15000 251100 121168
15000 266083 127248
15000 242932 121148
15000 248978 141517
15000 240431 139217
15000 247386 135627
15000 240831 134734
15000 239532 127229
15000 229539 130152
15000 252289 137619
15000 235345 114665
15000 265730 142872
15000 267028 149989
15000 242441 128240
15000 239387 126553
15000 249973 127511
15000 248640 128596
15000 239739 129930
15000 274380 149471
15000 268608 123850
15000 240800 124563
15000 249354 133826
15000 254008 146722
15000 266531 150925
15000 251660 137560
15000 253581 132460
15000 241580 131116
15000 236512 137200
15000 259211 127755
15000 231141 119925
15000 236500 125734
15000 237589 126515
15000 247826 131514
15000 236389 138037
15000 232936 126132
16000 281016 150392
16000 257004 143266
16000 248570 132666
16000 267741 143553
16000 271969 158390
16000 267217 139126
16000 284347 155467
16000 280437 137268
16000 272439 148343
16000 265189 132831
16000 273719 147109
16000 268587 147934
16000 263115 135134
16000 284125 148222
16000 259686 136924
16000 261827 150510
16000 253810 141617
16000 267890 147346
16000 268706 148294
16000 271241 133552
16000 288995 151193
16000 289041 136989
16000 252380 145118
16000 265537 135137
16000 255918 143103
16000 294414 166767
16000 257915 135914
16000 248034 127033
16000 263653 153077
16000 272475 155607
16000 251336 139995
16000 283650 147743
16000 255694 147143
16000 256940 143969
16000 251541 140391
16000 265260 140569
16000 258913 141716
16000 259404 147335
16000 258689 149841
16000 254868 129945
16000 281706 153832
16000 257375 142980
16000 255576 137575
16000 274563 148297
16000 287246 149675
16000 259356 144822
16000 243706 131489
16000 276223 151244
16000 248928 132760
16000 256763 147220
16000 256818 126906
16000 266444 144784
16000 255365 134859
16000 256976 138867
16000 255753 132402
16000 250564 138258
16000 256049 135384
16000 266358 148509
16000 253374 137542
16000 250267 140809
16000 258314 138830
16000 259507 141205
16000 259416 132148
16000 251357 151632
16000 251382 138915
16000 253383 127130
16000 271288 167153
16000 278032 158263
16000 291276 168006
16000 258643 133106
16000 249074 128271
16000 290544 149436
16000 286737 160255
16000 266665 147857
16000 258573 134034
16000 260018 144672
16000 258196 131318
16000 255307 140400
16000 266527 139187
16000 252624 127485
16000 273897 164507
16000 256867 128958
16000 272351 162054
16000 255434 137496
16000 279472 151914
16000 279905 156933
16000 258361 145898
16000 248749 133589
16000 253399 146516
16000 300963 159020
16000 255367 143164
16000 266713 153995
16000 273362 150189
16000 245512 132706
16000 303770 163616
16000 263071 145599
16000 258281 134902
16000 269538 153780
16000 247055 131561
16000 258778 147786
17000 299920 153864
17000 287271 159578
17000 289745 163723
17000 288764 152939
17000 279983 169231
17000 295333 146251
17000 285447 162827
17000 293201 137565
17000 291530 146556
17000 270638 144927
17000 300869 182438
17000 286314 152854
17000 301245 172870
17000 269677 137487
17000 270851 144951
17000 299262 160454
17000 289041 162240
17000 278614 142666
17000 285208 155822
17000 283674 150741
17000 283251 147577
17000 270926 142226
17000 275970 152840
17000 283556 163189
17000 275284 142371
17000 292306 170685
17000 273411 153456
17000 294427 144196
17000 298171 161732
17000 272713 147699
17000 312369 162689
17000 269835 142854
17000 334301 167424
17000 274954 150997
17000 290798 153818
17000 276192 139704
17000 279885 158414
17000 280053 155122
17000 285644 164722
17000 272966 149226
17000 274744 154714
17000 277812 146661
17000 271253 143037
17000 288373 157013
17000 282311 149429
17000 266898 150993
17000 272899 139267
17000 271965 142937
17000 278602 155133
17000 286905 148079
17000 287606 157183
17000 293971 151437
17000 285953 160130
17000 263732 140607
17000 299408 153165
17000 286094 170259
17000 295672 142357
17000 288121 153971
17000 287574 131221
17000 281692 160967
17000 282608 165880
17000 270242 146111
17000 281030 158417
17000 273695 146961
17000 267323 138917
17000 283109 168215
17000 276877 148839
17000 297071 142050
17000 278189 154604
17000 279825 148964
17000 285528 146953
17000 281446 158351
17000 296399 160322
17000 273514 150860
17000 289419 149868
17000 290512 151354
17000 272533 146245
17000 288814 160377
17000 262226 145794
17000 276753 155244
17000 280812 161273
17000 277761 150603
17000 300263 173315
17000 276320 157096
17000 308098 151259
17000 275518 152860
17000 276868 148504
17000 289678 163320
17000 281460 164276
17000 285950 157162
17000 294445 145186
17000 274226 142518
17000 277574 150234
17000 286393 131461
17000 274712 139034
17000 281398 159249
17000 294154 151786
17000 285669 160472
17000 276914 142679
17000 293656 155419
18000 313503 152631
18000 302859 178843
18000 294736 165240
18000 304906 158724
18000 299932 146817
18000 302671 154403
18000 312976 160647
18000 285410 147389
18000 293143 145566
18000 301224 165972
18000 290987 155970
18000 342113 174386
18000 299712 149992
18000 296877 164587
18000 297536 161355
18000 291296 164703
18000 294847 161954
18000 310454 168506
18000 294363 159722
18000 299383 157858
18000 322735 167364
18000 295329 158784
18000 298624 162814
18000 296737 154871
18000 299021 154965
18000 323535 160481
18000 312303 168277
18000 298759 166865
18000 308606 171255
18000 286157 156267
18000 324846 192656
18000 328629 185554
18000 286080 151713
18000 301158 161291
18000 309115 166238
18000 292205 159806
18000 305254 159939
18000 322095 178739
18000 315031 158932
18000 318703 163061
18000 299542 155901
18000 300299 170358
18000 291682 168015
18000 281766 156581
18000 301488 156596
18000 308531 146269
18000 286881 152425
18000 301645 152777
18000 315928 170228
18000 314982 169969
18000 286263 151592
18000 324473 181132
18000 299445 160788
18000 295839 161300
18000 296332 163530
18000 284777 164067
18000 303640 151173
18000 332266 169248
18000 285642 162933
18000 312324 177718
18000 297621 152594
18000 307492 168831
18000 291020 158198
18000 288513 164536
18000 277351 151182
18000 313536 191369
18000 311287 148359
18000 301969 161791
18000 290381 166344
18000 290583 158053
18000 277649 154284
18000 283262 153461
18000 296210 162127
18000 304110 159432
18000 284922 159731
18000 317174 183589
18000 296401 165957
18000 292393 160636
18000 314002 185884
18000 325149 178966
18000 296689 161785
18000 297360 165857
18000 304942 154917
18000 293927 157563
18000 292393 166612
18000 313584 178548
18000 299332 167985
18000 297020 156034
18000 294953 158886
18000 298994 165500
18000 296882 166169
18000 304518 149640
18000 298061 155185
18000 304199 171497
18000 302312 156803
18000 310503 176706
18000 298926 161660
18000 276430 147809
18000 298761 162706
18000 301448 170930
19000 307278 170702
19000 306904 169592
19000 322394 186315
19000 320173 165663
19000 311125 175410
19000 303170 159053
19000 308677 183250
19000 301538 159424
19000 338260 159640
19000 315619 155161
19000 306595 181940
19000 304758 170278
19000 323664 157558
19000 315914 167095
19000 304393 159956
19000 313389 165020
19000 324321 182894
19000 306047 160521
19000 314475 169378
19000 318071 173933
19000 307780 165571
19000 315366 184081
19000 317380 165406
19000 309344 157521
19000 316779 160687
19000 350440 193498
19000 341767 186565
19000 327380 177423
19000 324483 175755
19000 321374 151047
19000 310280 170887
19000 342067 185152
19000 314540 188411
19000 320533 158814
19000 322340 182211
19000 313604 167596
19000 337763 193619
19000 351840 206019
19000 328320 167448
19000 317561 150149
19000 317803 177144
19000 310439 163362
19000 303578 168375
19000 335996 187406
19000 330716 175539
19000 334412 175112
19000 317744 174116
19000 316678 177333
19000 303554 160863
19000 328073 170571
19000 310518 162717
19000 333572 164127
19000 319509 180557
19000 306106 171233
19000 331265 184979
19000 311485 168202
19000 321132 184787
19000 325606 145682
19000 331964 191306
19000 347335 189412
19000 314121 172194
19000 312887 180411
19000 321769 188713
19000 341089 176243
19000 316877 185620
19000 310488 168822
19000 305579 150363
19000 332173 204028
19000 304981 158738
19000 325675 175544
19000 330855 182840
19000 324766 180325
19000 309851 174628
19000 315618 151426
19000 310919 181127
19000 318945 166281
19000 323748 170803
19000 323255 166693
19000 318796 177037
19000 316227 177105
19000 317566 190632
19000 328903 188086
19000 325679 185892
19000 322842 174166
19000 318447 162057
19000 336229 188351
19000 326032 178650
19000 320811 167217
19000 339227 186090
19000 301250 157307
19000 306591 166416
19000 318936 167335
19000 309763 166982
19000 329237 171087
19000 316969 163813
19000 321328 165278
19000 306197 165736
19000 316456 165571
19000 313126 181220
19000 319275 188463
20000 337623 174473
20000 346864 183688
20000 321061 173785
20000 335747 175369
20000 351295 199086
20000 337675 184878
20000 359211 221613
20000 336908 172096
20000 336408 177241
20000 338262 180686
20000 353964 185647
20000 365652 177766
20000 334050 177649
20000 327848 176087
20000 332619 179311
20000 328534 175442
20000 341816 203015
20000 346438 182797
20000 352438 199095
20000 341813 164748
20000 325733 186489
20000 339138 173400
20000 331047 182269
20000 327495 183079
20000 339046 177585
20000 330600 167595
20000 347664 184370
20000 343114 166999
20000 333666 177785
20000 328679 169778
20000 323010 181736
20000 319535 170237
20000 317484 178996
20000 352035 194754
20000 339197 179096
20000 343347 188764
20000 335052 183406
20000 327549 181653
20000 326294 176323
20000 349268 193276
20000 324530 186007
20000 343807 192835
20000 351564 188102
20000 328555 169995
20000 330864 193871
20000 339531 181176
20000 369343 172192
20000 340945 177190
20000 339144 195458
20000 330434 180658
20000 338524 180783
20000 366162 215973
20000 328103 177808
20000 330675 174293
20000 340213 187741
20000 336209 196375
20000 348019 166997
20000 339460 199946
20000 324925 182660
20000 332234 174191
20000 322275 171168
20000 318162 181411
20000 330993 184346
20000 334221 190307
20000 343529 185666
20000 322733 174500
20000 350455 186740
20000 326072 182870
20000 334814 178233
20000 333459 177504
20000 335313 162174
20000 338286 180308
20000 323757 178865
20000 352956 181883
20000 350210 195243
20000 351806 186189
20000 348704 188083
20000 329750 174665
20000 321907 169311
20000 336758 190102
20000 347383 177845
20000 317389 179816
20000 321165 180350
20000 322542 171629
20000 342065 180262
20000 351752 169680
20000 315919 165337
20000 345493 192360
20000 334792 179950
20000 322949 178798
20000 339837 174473
20000 343264 188412
20000 348819 183946
20000 320054 176231
20000 331806 168895
20000 340967 184866
20000 336202 201207
20000 324479 180125
20000 333730 191868
20000 348687 199361
